word,neg_tf,bdc,neg_tf_bdc
异响,311.73,0.86,267.5
问题,594.37,0.4,238.58
召回,195.35,0.95,186.08
严重,211.98,0.81,170.98
故障,162.1,0.76,123.95
不,976.77,0.11,110.31
抖动,124.69,0.84,104.37
太,378.24,0.25,94.85
解决,141.32,0.64,90.36
4S店,182.88,0.39,90.08
4s店,54.03,0.14,90.06
漏油,99.75,0.89,88.65
投诉,95.6,0.87,83.03
出现,216.14,0.34,74.21
机油,145.48,0.5,72.73
怠,83.13,0.8,66.75
欺诈,66.5,0.96,64.05
熄火,87.29,0.71,61.82
声音,112.22,0.55,61.58
很,419.8,0.14,59.6
导致,95.6,0.62,59.16
漏水,66.5,0.89,59.1
存在,116.38,0.49,56.67
烧,70.66,0.78,54.91
空间,199.51,0.27,52.97
安全隐患,62.35,0.81,50.37
质量,174.57,0.28,48.21
缺陷,62.35,0.76,47.21
响,62.35,0.76,47.13
突然,87.29,0.51,44.24
自燃,45.72,0.95,43.43
？,324.2,0.13,42.29
坏,58.19,0.73,42.21
异味,49.88,0.85,42.17
怎么回事,49.88,0.84,41.77
隐患,45.72,0.91,41.74
客服,41.56,1,41.56
不予,41.56,1,41.56
不好,91.44,0.43,39.7
不行,58.19,0.65,37.75
维修,91.44,0.39,35.83
顿挫,62.35,0.57,35.3
感觉,307.58,0.11,34.45
刹车,116.38,0.3,34.38
差,120.54,0.28,34.24
无法,91.44,0.37,34.09
共振,37.41,0.9,33.6
生锈,33.25,1,33.25
下滑,45.72,0.71,32.36
维权,33.25,0.94,31.1
失灵,33.25,0.94,31.1
存,33.25,0.89,29.55
档,83.13,0.35,29.2
损坏,29.1,1,29.1
欺骗,29.1,1,29.1
断裂,29.1,1,29.1
有点,187.04,0.15,28.5
事件,45.72,0.62,28.46
合格证,33.25,0.85,28.25
现象,45.72,0.59,26.96
有限公司,66.5,0.4,26.28
发动机,536.18,0.05,26.01
设计,116.38,0.22,25.93
外观,108.07,0.24,25.83
开裂,24.94,1,24.94
不错,116.38,0.21,24.88
噪音,62.35,0.38,23.77
门,70.66,0.33,23.67
尾气,33.25,0.71,23.63
比较,245.23,0.1,23.34
销量,166.26,0.14,23.09
空调,153.79,0.15,22.37
赔偿,29.1,0.76,22.23
怎么办,33.25,0.67,22.16
变速箱,232.76,0.09,22.08
有异响,24.94,0.86,21.5
响声,24.94,0.86,21.5
简配,24.94,0.86,21.5
非常,66.5,0.31,20.89
保,41.56,0.5,20.88
无果,20.78,1,20.78
裂纹,20.78,1,20.78
冷车,20.78,1,20.78
黑屏,20.78,1,20.78
刺鼻,20.78,1,20.78
气囊,45.72,0.45,20.72
加油,45.72,0.45,20.56
让,207.82,0.1,20.43
配置,137.16,0.15,20.33
不到,78.97,0.26,20.29
更,95.6,0.21,20.26
原因,116.38,0.17,19.96
起步,95.6,0.21,19.87
保修期,29.1,0.68,19.87
太小,33.25,0.6,19.81
厂家,74.82,0.26,19.74
轮胎,116.38,0.17,19.69
行驶,141.32,0.14,19.6
喜欢,124.69,0.16,19.51
制冷,29.1,0.66,19.34
故障率,33.25,0.58,19.33
下跌,24.94,0.77,19.32
吗,116.38,0.16,19.12
厉害,45.72,0.41,18.97
渗油,20.78,0.91,18.83
车型,211.98,0.09,18.71
螺丝,29.1,0.64,18.64
不够,62.35,0.3,18.62
行为,24.94,0.74,18.44
动力,187.04,0.1,18.23
还是,324.2,0.06,18.18
大众公司,29.1,0.62,18.09
实在,78.97,0.22,17.67
拖挡,20.78,0.84,17.5
合格,20.78,0.84,17.5
拒绝,29.1,0.59,17.22
正常,74.82,0.23,17.08
排放,54.03,0.31,16.79
影响,70.66,0.24,16.64
熏,16.63,1,16.63
脱落,16.63,1,16.63
退还,16.63,1,16.63
解决办法,16.63,1,16.63
抖,16.63,1,16.63
大兴,16.63,1,16.63
换,95.6,0.17,16.59
车,665.03,0.02,16.56
上,311.73,0.05,16.47
垃圾,20.78,0.79,16.42
方向机,20.78,0.79,16.42
好,241.07,0.07,16.37
难看,29.1,0.56,16.32
偏,62.35,0.26,16.3
内饰,128.85,0.12,15.97
后排,120.54,0.13,15.55
慢,33.25,0.47,15.54
次,29.1,0.53,15.5
咋,24.94,0.61,15.25
满意,95.6,0.16,14.84
自起,16.63,0.89,14.78
锈蚀,16.63,0.89,14.78
频繁,16.63,0.89,14.78
跟不上,16.63,0.89,14.78
打不开,16.63,0.89,14.78
爆裂,16.63,0.89,14.78
声,24.94,0.59,14.77
死,29.1,0.51,14.75
打不着,20.78,0.71,14.71
粗糙,20.78,0.71,14.71
座椅,120.54,0.12,14.65
感,66.5,0.22,14.65
大,232.76,0.06,14.64
噪,33.25,0.44,14.57
码,33.25,0.44,14.53
发出,24.94,0.58,14.46
明显,124.69,0.11,14.1
放弃,45.72,0.31,14.07
操控,49.88,0.28,14.05
它,91.44,0.15,13.97
开,328.36,0.04,13.88
确实,103.91,0.13,13.85
高,220.29,0.06,13.7
油耗,137.16,0.1,13.7
索赔,16.63,0.82,13.55
丑闻,16.63,0.82,13.55
柴油车,16.63,0.82,13.55
迟迟,20.78,0.65,13.51
调查,20.78,0.64,13.4
山寨,20.78,0.64,13.4
油门,78.97,0.17,13.38
未,45.72,0.29,13.22
！,635.94,0.02,12.84
美国,78.97,0.16,12.78
事故,45.72,0.28,12.7
烫,16.63,0.76,12.63
发生,62.35,0.2,12.61
修理,16.63,0.76,12.58
受不了,16.63,0.76,12.58
傻,16.63,0.76,12.58
减速,16.63,0.76,12.58
没有,357.45,0.04,12.53
最差,12.47,1,12.47
中音,12.47,1,12.47
质检,12.47,1,12.47
长丰,12.47,1,12.47
糟糕,12.47,1,12.47
遭受,12.47,1,12.47
嫌,12.47,1,12.47
五环路,12.47,1,12.47
脱挡,12.47,1,12.47
太丑,12.47,1,12.47
水管,12.47,1,12.47
失效,12.47,1,12.47
漆爆漆,12.47,1,12.47
期内,12.47,1,12.47
漏洞,12.47,1,12.47
漏电,12.47,1,12.47
哐,12.47,1,12.47
极差,12.47,1,12.47
地胶,12.47,1,12.47
导轨,12.47,1,12.47
档升,12.47,1,12.47
嗒,12.47,1,12.47
爆震,12.47,1,12.47
爆漆,12.47,1,12.47
扳,12.47,1,12.47
异常,20.78,0.6,12.44
不爽,20.78,0.6,12.44
火,29.1,0.42,12.34
后轮,33.25,0.37,12.29
但是,261.86,0.05,12.27
为什么,70.66,0.17,12.19
车身,91.44,0.13,12.05
修,29.1,0.41,11.99
小毛病,29.1,0.41,11.86
实施,16.63,0.71,11.77
怠速,20.78,0.56,11.73
最,103.91,0.11,11.62
觉得,153.79,0.08,11.6
电瓶,24.94,0.46,11.58
能,166.26,0.07,11.37
安全,54.03,0.21,11.31
时尚,29.1,0.39,11.28
受损,16.63,0.67,11.08
回事,16.63,0.67,11.08
全新,33.25,0.33,11.02
就是,315.89,0.03,11.01
通病,16.63,0.66,10.98
迟滞,16.63,0.66,10.98
方面,108.07,0.1,10.95
前轮,24.94,0.44,10.95
时,211.98,0.05,10.91
做工,58.19,0.19,10.79
下降,29.1,0.37,10.78
而且,99.75,0.11,10.75
腾,12.47,0.86,10.75
强烈要求,12.47,0.86,10.75
老化,12.47,0.86,10.75
壳子,12.47,0.86,10.75
简陋,12.47,0.86,10.75
积碳,12.47,0.86,10.75
和解,12.47,0.86,10.75
鼓包,12.47,0.86,10.75
断电,12.47,0.86,10.75
答复,12.47,0.86,10.75
老,103.91,0.1,10.64
启动,83.13,0.13,10.59
库存,24.94,0.42,10.58
这,320.05,0.03,10.54
造成,45.72,0.23,10.51
听说,33.25,0.32,10.5
可以,178.73,0.06,10.46
请教,24.94,0.42,10.44
有时,20.78,0.5,10.44
灰尘,20.78,0.5,10.3
蓝牙,33.25,0.31,10.28
表现,33.25,0.31,10.19
造型,37.41,0.27,10.1
方向盘,112.22,0.09,10.07
提升,29.1,0.35,10.06
欧元,16.63,0.6,9.97
人,228.6,0.04,9.92
油泵,16.63,0.6,9.91
剐,16.63,0.6,9.91
跑,137.16,0.07,9.89
不足,45.72,0.22,9.88
毛病,41.56,0.24,9.79
将,91.44,0.11,9.78
副驾驶,33.25,0.29,9.75
硬伤,12.47,0.77,9.66
失去,12.47,0.77,9.66
商业,12.47,0.77,9.66
热车,12.47,0.77,9.66
奇葩,12.47,0.77,9.66
干扰,12.47,0.77,9.66
泵,12.47,0.77,9.66
被告,12.47,0.77,9.66
系统,83.13,0.11,9.55
真的,95.6,0.1,9.54
喷漆,16.63,0.57,9.52
共计,24.94,0.38,9.38
实用,24.94,0.37,9.32
部分,78.97,0.12,9.1
锁车,16.63,0.54,9.06
外形,29.1,0.31,9.05
听到,20.78,0.44,9.04
转向,62.35,0.14,9.02
订金,20.78,0.43,9
更加,29.1,0.31,8.94
失望,29.1,0.31,8.93
退车,12.47,0.71,8.87
锦湖,12.47,0.71,8.87
接缝处,12.47,0.71,8.87
坚决,12.47,0.71,8.87
风窗,12.47,0.71,8.87
约合,12.47,0.71,8.83
底下,12.47,0.71,8.83
坑,16.63,0.53,8.77
性价比,45.72,0.19,8.71
却,91.44,0.1,8.7
竟然,29.1,0.3,8.7
同比,37.41,0.23,8.67
天窗,108.07,0.08,8.52
重大,20.78,0.41,8.48
网站,20.78,0.41,8.48
没,178.73,0.05,8.46
发现,116.38,0.07,8.4
作假,8.31,1,8.31
左右摇摆,8.31,1,8.31
走道,8.31,1,8.31
总局,8.31,1,8.31
吱吱响,8.31,1,8.31
长鸣,8.31,1,8.31
杂牌,8.31,1,8.31
予以,8.31,1,8.31
愚弄,8.31,1,8.31
有天,8.31,1,8.31
游泳池,8.31,1,8.31
隐瞒,8.31,1,8.31
异,8.31,1,8.31
一前,8.31,1,8.31
啸叫,8.31,1,8.31
小石子,8.31,1,8.31
小点,8.31,1,8.31
相片,8.31,1,8.31
系统故障,8.31,1,8.31
沃,8.31,1,8.31
嗡嗡,8.31,1,8.31
为题,8.31,1,8.31
微博,8.31,1,8.31
推卸责任,8.31,1,8.31
头疼,8.31,1,8.31
呫,8.31,1,8.31
所配,8.31,1,8.31
水壶,8.31,1,8.31
水泵,8.31,1,8.31
失误,8.31,1,8.31
渗漏,8.31,1,8.31
烧坏,8.31,1,8.31
乳化,8.31,1,8.31
忍受,8.31,1,8.31
轻飘飘,8.31,1,8.31
前侧,8.31,1,8.31
噗,8.31,1,8.31
配电,8.31,1,8.31
没风,8.31,1,8.31
马哥,8.31,1,8.31
马儿,8.31,1,8.31
麻将机,8.31,1,8.31
罗湖,8.31,1,8.31
乱收费,8.31,1,8.31
录,8.31,1,8.31
凉,8.31,1,8.31
冷启动,8.31,1,8.31
亏损,8.31,1,8.31
开回去,8.31,1,8.31
拒赔,8.31,1,8.31
拒,8.31,1,8.31
啾,8.31,1,8.31
接通,8.31,1,8.31
嘉兴,8.31,1,8.31
嚯,8.31,1,8.31
恢复正常,8.31,1,8.31
黄金眼,8.31,1,8.31
糊味,8.31,1,8.31
呼噜,8.31,1,8.31
后翼,8.31,1,8.31
狠,8.31,1,8.31
过长,8.31,1,8.31
咣,8.31,1,8.31
管理局,8.31,1,8.31
搞不懂,8.31,1,8.31
刚过,8.31,1,8.31
负面影响,8.31,1,8.31
费解,8.31,1,8.31
犯病,8.31,1,8.31
返修率,8.31,1,8.31
烦人,8.31,1,8.31
发放,8.31,1,8.31
抵制,8.31,1,8.31
低档车,8.31,1,8.31
到头,8.31,1,8.31
挡换,8.31,1,8.31
待见,8.31,1,8.31
大有人在,8.31,1,8.31
大拇指,8.31,1,8.31
蹿,8.31,1,8.31
臭车,8.31,1,8.31
惨淡,8.31,1,8.31
财务,8.31,1,8.31
不尽人意,8.31,1,8.31
悲哀,8.31,1,8.31
帮帮,8.31,1,8.31
半轴,8.31,1,8.31
斑点,8.31,1,8.31
拔凉,8.31,1,8.31
傲慢,8.31,1,8.31
凹陷,8.31,1,8.31
导航,62.35,0.13,8.29
师傅,20.78,0.4,8.29
消费者,91.44,0.09,8.27
速,87.29,0.09,8.23
不能,87.29,0.09,8.22
灯不亮,12.47,0.65,8.16
打火,12.47,0.65,8.16
低速,37.41,0.22,8.11
说实话,37.41,0.22,8.06
ABS,16.63,0.48,8.05
舒适,24.94,0.32,8.04
检查,29.1,0.28,8.02
过后,20.78,0.38,7.96
亮,41.56,0.19,7.92
增长,24.94,0.32,7.91
底盘,99.75,0.08,7.89
SUV,66.5,0.12,7.83
市场,83.13,0.09,7.81
没用,16.63,0.47,7.78
减配,16.63,0.47,7.77
尴尬,16.63,0.47,7.77
报废,16.63,0.47,7.77
舒适性,49.88,0.16,7.74
出来,70.66,0.11,7.72
没什么,37.41,0.2,7.63
起火,12.47,0.61,7.6
驾校,12.47,0.61,7.6
防冻液,12.47,0.61,7.6
而,99.75,0.08,7.52
排除,16.63,0.45,7.52
原车,33.25,0.22,7.48
中国,70.66,0.1,7.41
时常,12.47,0.59,7.38
声响,12.47,0.59,7.38
强多,12.47,0.59,7.38
碰,12.47,0.59,7.38
进水,12.47,0.59,7.38
高压,12.47,0.59,7.38
好像,37.41,0.2,7.37
还,299.26,0.02,7.31
消耗,20.78,0.35,7.29
哒,20.78,0.35,7.29
作为,49.88,0.15,7.28
漆,16.63,0.44,7.27
中,207.82,0.03,7.23
品牌,187.04,0.04,7.23
车子,83.13,0.09,7.21
软,20.78,0.35,7.2
舒服,45.72,0.16,7.19
难受,12.47,0.58,7.19
支架,12.47,0.57,7.14
水箱,12.47,0.57,7.14
确认,12.47,0.57,7.14
点火,12.47,0.57,7.14
遇到,33.25,0.21,7.13
牌,37.41,0.19,7.11
你们,37.41,0.19,7.11
庞大,24.94,0.28,7.06
拆,16.63,0.42,7.04
特别,74.82,0.09,7.03
高速,112.22,0.06,7
天津,20.78,0.34,6.97
又,178.73,0.04,6.93
功能,70.66,0.1,6.9
肉,24.94,0.27,6.78
油钱,8.31,0.82,6.78
样本,8.31,0.82,6.78
小视频,8.31,0.82,6.78
无力,8.31,0.82,6.78
提示音,8.31,0.82,6.78
坛子,8.31,0.82,6.78
太糙,8.31,0.82,6.78
随车,8.31,0.82,6.78
松动,8.31,0.82,6.78
水军,8.31,0.82,6.78
上山,8.31,0.82,6.78
人类,8.31,0.82,6.78
轻微,8.31,0.82,6.78
敲,8.31,0.82,6.78
欠,8.31,0.82,6.78
普利司通,8.31,0.82,6.78
尿性,8.31,0.82,6.78
每车,8.31,0.82,6.78
里程表,8.31,0.82,6.78
老车,8.31,0.82,6.78
来电,8.31,0.82,6.78
控诉,8.31,0.82,6.78
空档,8.31,0.82,6.78
境地,8.31,0.82,6.78
甲醛,8.31,0.82,6.78
韩国政府,8.31,0.82,6.78
跌幅,8.31,0.82,6.78
蛋,8.31,0.82,6.78
打击,8.31,0.82,6.78
惨,8.31,0.82,6.78
不符,8.31,0.82,6.78
别提,8.31,0.82,6.78
薄,8.31,0.82,6.78
罢工,8.31,0.82,6.78
知名,12.47,0.54,6.75
跳,12.47,0.54,6.75
玩,37.41,0.18,6.73
选择,33.25,0.2,6.66
减震,24.94,0.27,6.63
一直,120.54,0.05,6.57
停车,37.41,0.18,6.56
整体,49.88,0.13,6.48
绝对,20.78,0.31,6.48
谢谢,20.78,0.31,6.47
退,12.47,0.52,6.47
那位,12.47,0.52,6.47
灯亮,12.47,0.52,6.47
刹车灯,12.47,0.52,6.47
那,128.85,0.05,6.45
周,12.47,0.51,6.42
代步车,12.47,0.51,6.42
安全性,16.63,0.38,6.37
右,29.1,0.22,6.32
要求,70.66,0.09,6.29
尤其,37.41,0.17,6.28
倒车,62.35,0.1,6.27
人性化,20.78,0.3,6.27
出,103.91,0.06,6.23
怀疑,20.78,0.3,6.21
成,49.88,0.12,6.2
线条,12.47,0.49,6.15
相比之下,16.63,0.37,6.14
股份,12.47,0.49,6.14
生命,16.63,0.37,6.12
储物,12.47,0.49,6.12
市区,33.25,0.18,6.1
处理,37.41,0.16,6.08
效果,41.56,0.15,6.06
售后,29.1,0.21,6.02
那个,58.19,0.1,5.98
后备箱,45.72,0.13,5.98
年轻,16.63,0.36,5.96
科技,24.94,0.24,5.95
接受,45.72,0.13,5.89
涉及,12.47,0.47,5.89
上路,12.47,0.47,5.89
求助,12.47,0.47,5.89
转换,8.31,0.71,5.88
油封,8.31,0.71,5.88
一晃,8.31,0.71,5.88
橡胶,8.31,0.71,5.88
瞎,8.31,0.71,5.88
无语,8.31,0.71,5.88
停靠,8.31,0.71,5.88
太肉,8.31,0.71,5.88
收费,8.31,0.71,5.88
荣,8.31,0.71,5.88
磨,8.31,0.71,5.88
没人,8.31,0.71,5.88
苦,8.31,0.71,5.88
开回,8.31,0.71,5.88
淮安,8.31,0.71,5.88
钢梁,8.31,0.71,5.88
费油,8.31,0.71,5.88
而后,8.31,0.71,5.88
断掉,8.31,0.71,5.88
带我去,8.31,0.71,5.88
大梁,8.31,0.71,5.88
错误,8.31,0.71,5.88
处罚,8.31,0.71,5.88
草,8.31,0.71,5.88
不亮,8.31,0.71,5.88
按时,8.31,0.71,5.88
后,253.54,0.02,5.87
~,29.1,0.2,5.84
原厂,20.78,0.28,5.8
优势,20.78,0.28,5.78
撞车,12.47,0.46,5.77
刹车片,12.47,0.46,5.77
挺,33.25,0.17,5.76
有时候,20.78,0.28,5.76
烂,20.78,0.28,5.76
踩,24.94,0.23,5.75
有些,49.88,0.11,5.73
喇叭,33.25,0.17,5.73
同时,45.72,0.12,5.69
足够,20.78,0.27,5.67
车友,45.72,0.12,5.65
永远,16.63,0.34,5.65
很大,49.88,0.11,5.61
全部,41.56,0.14,5.61
本来,45.72,0.12,5.59
吐,20.78,0.27,5.58
理解,16.63,0.34,5.58
方案,16.63,0.34,5.58
报道,29.1,0.19,5.56
质保,20.78,0.27,5.52
带来,16.63,0.33,5.44
符合,24.94,0.22,5.41
显得,37.41,0.14,5.39
车门,45.72,0.12,5.38
低,95.6,0.06,5.37
刚,74.82,0.07,5.37
经常,45.72,0.12,5.37
地盘,20.78,0.26,5.37
起来,70.66,0.08,5.33
风格,16.63,0.32,5.33
售后服务,24.94,0.21,5.28
不知,20.78,0.25,5.28
毕竟,70.66,0.07,5.27
业务员,8.31,0.63,5.27
压缩机,8.31,0.63,5.27
推脱,8.31,0.63,5.27
太重,8.31,0.63,5.27
能比,8.31,0.63,5.27
那句话,8.31,0.63,5.27
屡,8.31,0.63,5.27
劲儿,8.31,0.63,5.27
尽快,8.31,0.63,5.27
接缝,8.31,0.63,5.27
风噪,8.31,0.63,5.27
船,8.31,0.63,5.27
传动轴,8.31,0.63,5.27
除霜,8.31,0.63,5.27
测试数据,8.31,0.63,5.27
过程,58.19,0.09,5.26
喷,16.63,0.32,5.25
审美疲劳,8.31,0.63,5.24
请求,8.31,0.63,5.24
那边,8.31,0.63,5.24
没换,8.31,0.63,5.24
卖掉,8.31,0.63,5.24
记住,8.31,0.63,5.24
挤压,8.31,0.63,5.24
黄灯,8.31,0.63,5.24
忽悠,8.31,0.63,5.24
故意,8.31,0.63,5.24
反,8.31,0.63,5.24
大修,8.31,0.63,5.24
打死,8.31,0.63,5.24
抱怨,8.31,0.63,5.24
因为,149.63,0.03,5.23
快,62.35,0.08,5.23
运动,20.78,0.25,5.21
只好,12.47,0.42,5.21
事儿,12.47,0.42,5.21
时候,133.01,0.04,5.19
加速,54.03,0.1,5.16
货,16.63,0.31,5.16
希望,54.03,0.09,5.1
车辆,124.69,0.04,5.06
想着,16.63,0.3,5.04
五年,16.63,0.3,5.04
接待,16.63,0.3,5.04
出厂,20.78,0.24,5.02
整,12.47,0.4,5.02
微型车,12.47,0.4,5.02
技术,62.35,0.08,5
平均,24.94,0.2,5
同级,29.1,0.17,4.99
车内,33.25,0.15,4.95
掉头,12.47,0.4,4.95
以及,29.1,0.17,4.93
用料,24.94,0.2,4.93
提车,74.82,0.07,4.92
难以,16.63,0.3,4.91
地方,49.88,0.1,4.9
报警,20.78,0.23,4.88
调节,24.94,0.19,4.86
内侧,16.63,0.29,4.85
却是,16.63,0.29,4.84
开到,16.63,0.29,4.84
居然,29.1,0.16,4.78
品质,12.47,0.38,4.77
责任,12.47,0.38,4.76
女士,12.47,0.38,4.76
爹,12.47,0.38,4.76
不合理,12.47,0.38,4.76
奔,12.47,0.38,4.76
资格,8.31,0.57,4.76
轴承,8.31,0.57,4.76
芯片,8.31,0.57,4.76
调到,8.31,0.57,4.76
损失,8.31,0.57,4.76
失败,8.31,0.57,4.76
枪,8.31,0.57,4.76
妈,8.31,0.57,4.76
客观,8.31,0.57,4.76
改过,8.31,0.57,4.76
扯,8.31,0.57,4.76
这样,95.6,0.05,4.74
较,54.03,0.09,4.71
钱,41.56,0.11,4.71
各位,41.56,0.11,4.71
受,29.1,0.16,4.71
店里,29.1,0.16,4.71
驾驶,74.82,0.06,4.69
上市,29.1,0.16,4.65
性能,16.63,0.28,4.61
上车,16.63,0.28,4.61
工作人员,16.63,0.28,4.61
蹭,16.63,0.28,4.61
抱,16.63,0.28,4.61
联系,12.47,0.37,4.61
建议,20.78,0.22,4.57
内,95.6,0.05,4.55
加上,16.63,0.27,4.5
只能,49.88,0.09,4.48
直,16.63,0.27,4.48
那种,41.56,0.11,4.46
楼主,24.94,0.18,4.46
能够,33.25,0.13,4.44
更换,33.25,0.13,4.41
上有,12.47,0.35,4.4
碰到,12.47,0.35,4.4
观望,12.47,0.35,4.4
宽敞,12.47,0.35,4.39
高手,12.47,0.35,4.39
防撞,12.47,0.35,4.39
刹车盘,12.47,0.35,4.39
早上,8.31,0.53,4.39
升高,8.31,0.53,4.39
哪位,8.31,0.53,4.39
韩泰,8.31,0.53,4.39
口碑,16.63,0.26,4.36
性,12.47,0.35,4.35
里,149.63,0.03,4.33
我们,74.82,0.06,4.33
顶配,16.63,0.26,4.33
别人,41.56,0.1,4.32
转,29.1,0.15,4.32
强,29.1,0.15,4.3
体现,12.47,0.34,4.28
家用,20.78,0.21,4.27
水,16.63,0.26,4.24
国家,24.94,0.17,4.19
障碍物,12.47,0.34,4.18
做一套,4.16,1,4.16
作出,4.16,1,4.16
左脚,4.16,1,4.16
最老,4.16,1,4.16
阻碍,4.16,1,4.16
总归,4.16,1,4.16
总额,4.16,1,4.16
字架,4.16,1,4.16
自新,4.16,1,4.16
自时,4.16,1,4.16
自裂,4.16,1,4.16
自愧不如,4.16,1,4.16
自救,4.16,1,4.16
自检,4.16,1,4.16
追求者,4.16,1,4.16
撞击声,4.16,1,4.16
撞掉,4.16,1,4.16
撞成,4.16,1,4.16
状物,4.16,1,4.16
装点,4.16,1,4.16
转后,4.16,1,4.16
转灯,4.16,1,4.16
转不动,4.16,1,4.16
砖家,4.16,1,4.16
专挑烂路,4.16,1,4.16
注要,4.16,1,4.16
注视,4.16,1,4.16
助力器,4.16,1,4.16
主板,4.16,1,4.16
竹叶山,4.16,1,4.16
轴门,4.16,1,4.16
重启动,4.16,1,4.16
中招,4.16,1,4.16
中汽,4.16,1,4.16
中环,4.16,1,4.16
中航,4.16,1,4.16
中国通,4.16,1,4.16
中关村,4.16,1,4.16
中港,4.16,1,4.16
中等偏上,4.16,1,4.16
致使,4.16,1,4.16
致命性,4.16,1,4.16
致冷,4.16,1,4.16
致癌物质,4.16,1,4.16
治疗,4.16,1,4.16
治,4.16,1,4.16
止,4.16,1,4.16
植入,4.16,1,4.16
支异,4.16,1,4.16
正要,4.16,1,4.16
整改,4.16,1,4.16
征兆,4.16,1,4.16
征税,4.16,1,4.16
震,4.16,1,4.16
阵亡,4.16,1,4.16
疹子,4.16,1,4.16
真牛,4.16,1,4.16
真够,4.16,1,4.16
折现,4.16,1,4.16
照路,4.16,1,4.16
招回,4.16,1,4.16
仗势欺人,4.16,1,4.16
长点,4.16,1,4.16
长大成人,4.16,1,4.16
责成,4.16,1,4.16
造假,4.16,1,4.16
赞对,4.16,1,4.16
暂且不说,4.16,1,4.16
仔细观察,4.16,1,4.16
杂费,4.16,1,4.16
杂,4.16,1,4.16
运通,4.16,1,4.16
越勇,4.16,1,4.16
越来越低,4.16,1,4.16
越多,4.16,1,4.16
愿开,4.16,1,4.16
远后,4.16,1,4.16
远高于,4.16,1,4.16
圆滚滚,4.16,1,4.16
原产,4.16,1,4.16
预料,4.16,1,4.16
逾期,4.16,1,4.16
余波未平,4.16,1,4.16
右后方,4.16,1,4.16
又会有,4.16,1,4.16
有用吗,4.16,1,4.16
有所作为,4.16,1,4.16
有嘶嘶响,4.16,1,4.16
有毒,4.16,1,4.16
油站,4.16,1,4.16
油污,4.16,1,4.16
油管,4.16,1,4.16
油灯,4.16,1,4.16
幽静,4.16,1,4.16
忧尚,4.16,1,4.16
忧伤,4.16,1,4.16
用武之地,4.16,1,4.16
涌达,4.16,1,4.16
永久,4.16,1,4.16
佣人,4.16,1,4.16
银川,4.16,1,4.16
音频设备,4.16,1,4.16
异性,4.16,1,4.16
以过,4.16,1,4.16
已难,4.16,1,4.16
一笑而过,4.16,1,4.16
一世,4.16,1,4.16
一码,4.16,1,4.16
一蹶不振,4.16,1,4.16
一刚,4.16,1,4.16
钥入,4.16,1,4.16
要弱,4.16,1,4.16
要关,4.16,1,4.16
摇晃,4.16,1,4.16
样说,4.16,1,4.16
氧化,4.16,1,4.16
养鱼,4.16,1,4.16
养成,4.16,1,4.16
羊毛出在羊身上,4.16,1,4.16
赝品,4.16,1,4.16
燕达,4.16,1,4.16
掩饰,4.16,1,4.16
严重破坏,4.16,1,4.16
严厉,4.16,1,4.16
雅虎,4.16,1,4.16
哑巴吃,4.16,1,4.16
寻常百姓,4.16,1,4.16
熏得,4.16,1,4.16
血泪,4.16,1,4.16
雪上加霜,4.16,1,4.16
雪花,4.16,1,4.16
削薄,4.16,1,4.16
选档,4.16,1,4.16
锈迹斑斑,4.16,1,4.16
锈,4.16,1,4.16
绣,4.16,1,4.16
胸,4.16,1,4.16
星之宝,4.16,1,4.16
信誉,4.16,1,4.16
信用,4.16,1,4.16
信心十足,4.16,1,4.16
新兴,4.16,1,4.16
新闻联播,4.16,1,4.16
心眼,4.16,1,4.16
心痛,4.16,1,4.16
心烦,4.16,1,4.16
效果显著,4.16,1,4.16
小油,4.16,1,4.16
小一,4.16,1,4.16
小玩意,4.16,1,4.16
小气,4.16,1,4.16
小帽子,4.16,1,4.16
小马哥,4.16,1,4.16
小黑点,4.16,1,4.16
小得多,4.16,1,4.16
小储物盒,4.16,1,4.16
销售商,4.16,1,4.16
销售方,4.16,1,4.16
消遣,4.16,1,4.16
想当年,4.16,1,4.16
响铃,4.16,1,4.16
箱支,4.16,1,4.16
箱里,4.16,1,4.16
乡间,4.16,1,4.16
显出,4.16,1,4.16
嫌小,4.16,1,4.16
下垂,4.16,1,4.16
细细的,4.16,1,4.16
洗脱,4.16,1,4.16
熄车,4.16,1,4.16
稀里糊涂,4.16,1,4.16
息火,4.16,1,4.16
唏嘘,4.16,1,4.16
吸要,4.16,1,4.16
西装笔挺,4.16,1,4.16
西藏高原,4.16,1,4.16
侮辱,4.16,1,4.16
五环,4.16,1,4.16
芜湖,4.16,1,4.16
无缘无故,4.16,1,4.16
无一例外,4.16,1,4.16
无恙,4.16,1,4.16
无形中,4.16,1,4.16
无懈可击,4.16,1,4.16
无锡,4.16,1,4.16
无胎,4.16,1,4.16
无时无刻,4.16,1,4.16
无风出,4.16,1,4.16
无动,4.16,1,4.16
沃尔夫斯堡,4.16,1,4.16
我用,4.16,1,4.16
我少,4.16,1,4.16
蜗在,4.16,1,4.16
嗡嗡响,4.16,1,4.16
嗡,4.16,1,4.16
慰问,4.16,1,4.16
未予,4.16,1,4.16
卫报,4.16,1,4.16
尾窗,4.16,1,4.16
维修期,4.16,1,4.16
微动,4.16,1,4.16
微车,4.16,1,4.16
威斯,4.16,1,4.16
危害,4.16,1,4.16
网旁,4.16,1,4.16
惋惜,4.16,1,4.16
挽救,4.16,1,4.16
完蛋,4.16,1,4.16
外力,4.16,1,4.16
脱档,4.16,1,4.16
托挡,4.16,1,4.16
吞没,4.16,1,4.16
退换,4.16,1,4.16
退订,4.16,1,4.16
推卸,4.16,1,4.16
推诿,4.16,1,4.16
推辞,4.16,1,4.16
土鳖,4.16,1,4.16
途友,4.16,1,4.16
突遇,4.16,1,4.16
突突突,4.16,1,4.16
突突,4.16,1,4.16
秃,4.16,1,4.16
投诉无门,4.16,1,4.16
投诉量,4.16,1,4.16
偷看,4.16,1,4.16
铜陵,4.16,1,4.16
桐乡,4.16,1,4.16
同上,4.16,1,4.16
同利达,4.16,1,4.16
通话,4.16,1,4.16
通城,4.16,1,4.16
停工,4.16,1,4.16
停导,4.16,1,4.16
贴见,4.16,1,4.16
条款,4.16,1,4.16
天黑,4.16,1,4.16
天诚,4.16,1,4.16
体形,4.16,1,4.16
体位,4.16,1,4.16
体积,4.16,1,4.16
提来,4.16,1,4.16
腾讯,4.16,1,4.16
特装,4.16,1,4.16
逃避,4.16,1,4.16
烫手,4.16,1,4.16
叹服,4.16,1,4.16
坦承,4.16,1,4.16
贪污,4.16,1,4.16
贪腐,4.16,1,4.16
态度恶劣,4.16,1,4.16
太拙,4.16,1,4.16
太渣,4.16,1,4.16
太弱,4.16,1,4.16
太慢,4.16,1,4.16
太费油,4.16,1,4.16
太颠,4.16,1,4.16
太次,4.16,1,4.16
太差,4.16,1,4.16
胎噪风噪比,4.16,1,4.16
塌陷,4.16,1,4.16
锁住,4.16,1,4.16
锁死,4.16,1,4.16
锁上,4.16,1,4.16
所遇,4.16,1,4.16
隧道,4.16,1,4.16
塑料片,4.16,1,4.16
塑料板,4.16,1,4.16
速降,4.16,1,4.16
诉讼,4.16,1,4.16
搜索,4.16,1,4.16
送修,4.16,1,4.16
松油,4.16,1,4.16
松松垮垮,4.16,1,4.16
松开,4.16,1,4.16
死结,4.16,1,4.16
死沉,4.16,1,4.16
撕心裂肺,4.16,1,4.16
私房钱,4.16,1,4.16
说试,4.16,1,4.16
说卖,4.16,1,4.16
税点,4.16,1,4.16
水乡,4.16,1,4.16
水土不服,4.16,1,4.16
水汽,4.16,1,4.16
水气,4.16,1,4.16
帅印,4.16,1,4.16
甩到,4.16,1,4.16
衰弱,4.16,1,4.16
衰减,4.16,1,4.16
耍起,4.16,1,4.16
数表,4.16,1,4.16
舒堂,4.16,1,4.16
舒不,4.16,1,4.16
受阻,4.16,1,4.16
受高,4.16,1,4.16
守门员,4.16,1,4.16
手档,4.16,1,4.16
试换,4.16,1,4.16
事实真相,4.16,1,4.16
似得,4.16,1,4.16
似,4.16,1,4.16
市中心,4.16,1,4.16
食欲,4.16,1,4.16
实线,4.16,1,4.16
时有时无,4.16,1,4.16
时异,4.16,1,4.16
时说,4.16,1,4.16
时冷时热,4.16,1,4.16
时间推移,4.16,1,4.16
时好时坏,4.16,1,4.16
时不时,4.16,1,4.16
石柱,4.16,1,4.16
石景山,4.16,1,4.16
失职,4.16,1,4.16
失园,4.16,1,4.16
失速,4.16,1,4.16
失火,4.16,1,4.16
省油的灯,4.16,1,4.16
生档慢,4.16,1,4.16
升缩,4.16,1,4.16
升级换代,4.16,1,4.16
肾,4.16,1,4.16
申联,4.16,1,4.16
涉事,4.16,1,4.16
社以,4.16,1,4.16
哨音,4.16,1,4.16
上撞,4.16,1,4.16
上油,4.16,1,4.16
上锈,4.16,1,4.16
上排,4.16,1,4.16
上海通用工厂,4.16,1,4.16
上半部,4.16,1,4.16
上阿,4.16,1,4.16
山脚下,4.16,1,4.16
纱帘,4.16,1,4.16
沙子,4.16,1,4.16
沙眼,4.16,1,4.16
杀人,4.16,1,4.16
杀回,4.16,1,4.16
丧失殆尽,4.16,1,4.16
散架,4.16,1,4.16
三日,4.16,1,4.16
三分钟,4.16,1,4.16
弱小,4.16,1,4.16
弱项,4.16,1,4.16
软绵绵,4.16,1,4.16
软不拉几,4.16,1,4.16
乳白色,4.16,1,4.16
如愿以偿,4.16,1,4.16
人事,4.16,1,4.16
热风,4.16,1,4.16
热大,4.16,1,4.16
去掉,4.16,1,4.16
驱使,4.16,1,4.16
区区,4.16,1,4.16
请速,4.16,1,4.16
倾家荡产,4.16,1,4.16
倾不,4.16,1,4.16
侵占,4.16,1,4.16
切实,4.16,1,4.16
巧合,4.16,1,4.16
抢走,4.16,1,4.16
欠奉,4.16,1,4.16
千丝万缕,4.16,1,4.16
汽包,4.16,1,4.16
气体,4.16,1,4.16
气阀,4.16,1,4.16
崎岖不平,4.16,1,4.16
奇丑无比,4.16,1,4.16
漆薄,4.16,1,4.16
欺骗性,4.16,1,4.16
普利茅斯,4.16,1,4.16
普遍现象,4.16,1,4.16
普遍认为,4.16,1,4.16
普遍存在,4.16,1,4.16
铺天盖地,4.16,1,4.16
屏裂,4.16,1,4.16
平伸,4.16,1,4.16
拼命,4.16,1,4.16
骗保,4.16,1,4.16
偏俗,4.16,1,4.16
偏磨,4.16,1,4.16
偏盖,4.16,1,4.16
疲态,4.16,1,4.16
皮耶希,4.16,1,4.16
披,4.16,1,4.16
碰头,4.16,1,4.16
抨击,4.16,1,4.16
配卖,4.16,1,4.16
配来,4.16,1,4.16
赔款,4.16,1,4.16
陪你走,4.16,1,4.16
呸,4.16,1,4.16
跑得快,4.16,1,4.16
咆哮声,4.16,1,4.16
胖胖的,4.16,1,4.16
排自,4.16,1,4.16
排异,4.16,1,4.16
排水槽,4.16,1,4.16
排进,4.16,1,4.16
排查,4.16,1,4.16
女人气,4.16,1,4.16
弄弯,4.16,1,4.16
弄成,4.16,1,4.16
农用,4.16,1,4.16
牛气,4.16,1,4.16
拧上,4.16,1,4.16
娘胎,4.16,1,4.16
年事已高,4.16,1,4.16
年后,4.16,1,4.16
年产量,4.16,1,4.16
泥巴,4.16,1,4.16
闹心,4.16,1,4.16
恼火,4.16,1,4.16
难于,4.16,1,4.16
难言之隐,4.16,1,4.16
南海区,4.16,1,4.16
那条,4.16,1,4.16
那会人,4.16,1,4.16
那大,4.16,1,4.16
哪天,4.16,1,4.16
木圈,4.16,1,4.16
末期,4.16,1,4.16
磨平,4.16,1,4.16
明线,4.16,1,4.16
明亮,4.16,1,4.16
敏,4.16,1,4.16
妙,4.16,1,4.16
猛的,4.16,1,4.16
美中不足,4.16,1,4.16
美韩,4.16,1,4.16
每张,4.16,1,4.16
没找,4.16,1,4.16
没人要,4.16,1,4.16
没人来,4.16,1,4.16
没人管,4.16,1,4.16
没卵用,4.16,1,4.16
没离,4.16,1,4.16
没交,4.16,1,4.16
没计,4.16,1,4.16
冒烟,4.16,1,4.16
慢腾腾,4.16,1,4.16
蛮有意思,4.16,1,4.16
买回,4.16,1,4.16
骂娘,4.16,1,4.16
麻点,4.16,1,4.16
麻痹,4.16,1,4.16
妈造车,4.16,1,4.16
裸漏,4.16,1,4.16
罗纳尔多,4.16,1,4.16
罗马尼亚,4.16,1,4.16
轮盘,4.16,1,4.16
路易,4.16,1,4.16
录像,4.16,1,4.16
炉火纯青,4.16,1,4.16
芦,4.16,1,4.16
漏雨,4.16,1,4.16
漏气,4.16,1,4.16
漏氟,4.16,1,4.16
流氓,4.16,1,4.16
留痕,4.16,1,4.16
另当别论,4.16,1,4.16
临摹,4.16,1,4.16
裂口,4.16,1,4.16
裂痕,4.16,1,4.16
廖廖,4.16,1,4.16
晾干,4.16,1,4.16
两前,4.16,1,4.16
凉车,4.16,1,4.16
良机,4.16,1,4.16
廉颇老矣,4.16,1,4.16
联邦贸易委员会,4.16,1,4.16
联,4.16,1,4.16
连中配,4.16,1,4.16
连云港市,4.16,1,4.16
连快,4.16,1,4.16
连换,4.16,1,4.16
连带,4.16,1,4.16
连车,4.16,1,4.16
厉,4.16,1,4.16
历历在目,4.16,1,4.16
理赔,4.16,1,4.16
理睬,4.16,1,4.16
里头,4.16,1,4.16
礼拜天,4.16,1,4.16
离底,4.16,1,4.16
冷天,4.16,1,4.16
累好,4.16,1,4.16
羸弱,4.16,1,4.16
雷同,4.16,1,4.16
了买,4.16,1,4.16
了仿,4.16,1,4.16
勒索,4.16,1,4.16
老是,4.16,1,4.16
老气横秋,4.16,1,4.16
劳烦,4.16,1,4.16
廊坊市,4.16,1,4.16
狼皮,4.16,1,4.16
辣鸡,4.16,1,4.16
拉缸,4.16,1,4.16
亏电,4.16,1,4.16
匡特,4.16,1,4.16
块长,4.16,1,4.16
控制器,4.16,1,4.16
空穴来风,4.16,1,4.16
空隙,4.16,1,4.16
空调管,4.16,1,4.16
坑人,4.16,1,4.16
肯胎,4.16,1,4.16
客户服务,4.16,1,4.16
克斯,4.16,1,4.16
可取,4.16,1,4.16
可贵,4.16,1,4.16
可不,4.16,1,4.16
可悲,4.16,1,4.16
科技类,4.16,1,4.16
看大,4.16,1,4.16
看不上,4.16,1,4.16
看不惯,4.16,1,4.16
刊文,4.16,1,4.16
开太大,4.16,1,4.16
开台,4.16,1,4.16
开码,4.16,1,4.16
卡碟,4.16,1,4.16
卡齿,4.16,1,4.16
俊朗,4.16,1,4.16
巨大成功,4.16,1,4.16
举升,4.16,1,4.16
矩,4.16,1,4.16
就事论事,4.16,1,4.16
九天,4.16,1,4.16
揪心,4.16,1,4.16
境况,4.16,1,4.16
敬而远之,4.16,1,4.16
竟成,4.16,1,4.16
净亏损,4.16,1,4.16
井,4.16,1,4.16
精神损失,4.16,1,4.16
精明,4.16,1,4.16
进前,4.16,1,4.16
进风,4.16,1,4.16
进都,4.16,1,4.16
仅剩,4.16,1,4.16
解决不了,4.16,1,4.16
结晶,4.16,1,4.16
结合点,4.16,1,4.16
教训,4.16,1,4.16
较弱,4.16,1,4.16
较狠,4.16,1,4.16
觉车,4.16,1,4.16
矫情,4.16,1,4.16
胶状物,4.16,1,4.16
胶州,4.16,1,4.16
娇气,4.16,1,4.16
降档,4.16,1,4.16
将在,4.16,1,4.16
江,4.16,1,4.16
减速慢行,4.16,1,4.16
检修,4.16,1,4.16
监督,4.16,1,4.16
间有,4.16,1,4.16
间断,4.16,1,4.16
尖细,4.16,1,4.16
价格昂贵,4.16,1,4.16
价高,4.16,1,4.16
嘉实多,4.16,1,4.16
佳通,4.16,1,4.16
加薪,4.16,1,4.16
加精,4.16,1,4.16
加不上,4.16,1,4.16
技术实力,4.16,1,4.16
技术部,4.16,1,4.16
极力推荐,4.16,1,4.16
基数,4.16,1,4.16
货比三家,4.16,1,4.16
火化,4.16,1,4.16
火柴盒,4.16,1,4.16
活塞环,4.16,1,4.16
混不下去,4.16,1,4.16
昏,4.16,1,4.16
会响,4.16,1,4.16
会车,4.16,1,4.16
回位,4.16,1,4.16
回弹,4.16,1,4.16
回传,4.16,1,4.16
辉瑞,4.16,1,4.16
黄油,4.16,1,4.16
黄水,4.16,1,4.16
黄莲,4.16,1,4.16
环境保护局,4.16,1,4.16
怀化,4.16,1,4.16
滑起来,4.16,1,4.16
哗众取宠,4.16,1,4.16
华侨城,4.16,1,4.16
华驰,4.16,1,4.16
花招,4.16,1,4.16
花旗集团,4.16,1,4.16
虎将,4.16,1,4.16
糊涂,4.16,1,4.16
忽上忽下,4.16,1,4.16
忽忽悠悠,4.16,1,4.16
忽,4.16,1,4.16
呼呼,4.16,1,4.16
后因,4.16,1,4.16
后起之秀,4.16,1,4.16
后秒,4.16,1,4.16
洪水,4.16,1,4.16
宏宇,4.16,1,4.16
宏观,4.16,1,4.16
轰,4.16,1,4.16
恒联,4.16,1,4.16
很烂,4.16,1,4.16
很差,4.16,1,4.16
赫赫的,4.16,1,4.16
赫伯特,4.16,1,4.16
何原因,4.16,1,4.16
何时休,4.16,1,4.16
何去何从,4.16,1,4.16
何来,4.16,1,4.16
合宝,4.16,1,4.16
喝醉,4.16,1,4.16
号买,4.16,1,4.16
好长时间,4.16,1,4.16
好日子,4.16,1,4.16
豪庭,4.16,1,4.16
豪尔,4.16,1,4.16
行业动态,4.16,1,4.16
行径,4.16,1,4.16
行版,4.16,1,4.16
海里,4.16,1,4.16
海拉三,4.16,1,4.16
还整,4.16,1,4.16
还关,4.16,1,4.16
过早,4.16,1,4.16
过在,4.16,1,4.16
过山车,4.16,1,4.16
过保,4.16,1,4.16
国利,4.16,1,4.16
国界,4.16,1,4.16
国家环保局,4.16,1,4.16
国产轿车,4.16,1,4.16
滚出,4.16,1,4.16
规模化,4.16,1,4.16
龟裂,4.16,1,4.16
归还,4.16,1,4.16
广宝,4.16,1,4.16
管理中心,4.16,1,4.16
管好,4.16,1,4.16
管管,4.16,1,4.16
关灯,4.16,1,4.16
关单,4.16,1,4.16
挂掉,4.16,1,4.16
顾,4.16,1,4.16
故障诊断,4.16,1,4.16
鼓声,4.16,1,4.16
购买力,4.16,1,4.16
供油,4.16,1,4.16
公主坟,4.16,1,4.16
公用,4.16,1,4.16
公路交通,4.16,1,4.16
工薪族,4.16,1,4.16
更丑,4.16,1,4.16
跟造,4.16,1,4.16
给装,4.16,1,4.16
给付,4.16,1,4.16
各有不同,4.16,1,4.16
各位朋友,4.16,1,4.16
个把月,4.16,1,4.16
咯吱咯吱,4.16,1,4.16
咯噔,4.16,1,4.16
疙疙瘩瘩,4.16,1,4.16
告,4.16,1,4.16
高负荷,4.16,1,4.16
钢圈,4.16,1,4.16
刚跑,4.16,1,4.16
感要,4.16,1,4.16
感觉不好,4.16,1,4.16
盖章,4.16,1,4.16
改一改,4.16,1,4.16
改气,4.16,1,4.16
改来改去,4.16,1,4.16
复杂程度,4.16,1,4.16
附驾,4.16,1,4.16
负债表,4.16,1,4.16
辅助线,4.16,1,4.16
服务业,4.16,1,4.16
佛山市,4.16,1,4.16
缝制,4.16,1,4.16
缝儿,4.16,1,4.16
风口浪尖,4.16,1,4.16
风档,4.16,1,4.16
风波,4.16,1,4.16
费力,4.16,1,4.16
废油,4.16,1,4.16
废铁,4.16,1,4.16
废,4.16,1,4.16
肺癌,4.16,1,4.16
匪夷所思,4.16,1,4.16
肥大,4.16,1,4.16
飞悦,4.16,1,4.16
飞轮,4.16,1,4.16
放正,4.16,1,4.16
放炮,4.16,1,4.16
放不开,4.16,1,4.16
仿到,4.16,1,4.16
防治法,4.16,1,4.16
方圆,4.16,1,4.16
返厂,4.16,1,4.16
反应时间,4.16,1,4.16
反胃,4.16,1,4.16
反光镜,4.16,1,4.16
翻船,4.16,1,4.16
翻版,4.16,1,4.16
法兰盘,4.16,1,4.16
罚,4.16,1,4.16
发皱,4.16,1,4.16
发微,4.16,1,4.16
发闷,4.16,1,4.16
发黄,4.16,1,4.16
发抖,4.16,1,4.16
二档,4.16,1,4.16
儿戏,4.16,1,4.16
摁,4.16,1,4.16
恶俗,4.16,1,4.16
恶列,4.16,1,4.16
恶化,4.16,1,4.16
额,4.16,1,4.16
对立面,4.16,1,4.16
断线,4.16,1,4.16
短轴,4.16,1,4.16
短短,4.16,1,4.16
独缺,4.16,1,4.16
毒车,4.16,1,4.16
逗逼,4.16,1,4.16
动一动,4.16,1,4.16
动粗,4.16,1,4.16
东仁庆,4.16,1,4.16
东家,4.16,1,4.16
定理,4.16,1,4.16
订到,4.16,1,4.16
顶一顶,4.16,1,4.16
顶头,4.16,1,4.16
顶多能,4.16,1,4.16
跌落,4.16,1,4.16
跌,4.16,1,4.16
掉下来,4.16,1,4.16
掉色,4.16,1,4.16
掉皮,4.16,1,4.16
钓个,4.16,1,4.16
吊炸天,4.16,1,4.16
吊丝,4.16,1,4.16
刁难,4.16,1,4.16
店大欺客,4.16,1,4.16
电子锁,4.16,1,4.16
电气,4.16,1,4.16
点火装置,4.16,1,4.16
点估计,4.16,1,4.16
点不着,4.16,1,4.16
地震,4.16,1,4.16
地动,4.16,1,4.16
底沿,4.16,1,4.16
抵不过,4.16,1,4.16
低压,4.16,1,4.16
低开,4.16,1,4.16
低分,4.16,1,4.16
灯长,4.16,1,4.16
灯管,4.16,1,4.16
德孚,4.16,1,4.16
得并,4.16,1,4.16
道听途说,4.16,1,4.16
到极点,4.16,1,4.16
倒车档,4.16,1,4.16
倒闭,4.16,1,4.16
导,4.16,1,4.16
荡起,4.16,1,4.16
档偶,4.16,1,4.16
档齿,4.16,1,4.16
挡降,4.16,1,4.16
挡窜,4.16,1,4.16
噹,4.16,1,4.16
当自强,4.16,1,4.16
当局,4.16,1,4.16
当豪,4.16,1,4.16
但愿,4.16,1,4.16
戴雷,4.16,1,4.16
戴尔,4.16,1,4.16
大中华区,4.16,1,4.16
大致相同,4.16,1,4.16
大侠,4.16,1,4.16
大腕,4.16,1,4.16
大失所望,4.16,1,4.16
大气污染,4.16,1,4.16
大家伙,4.16,1,4.16
大行其道,4.16,1,4.16
大鼓,4.16,1,4.16
大肠,4.16,1,4.16
大不敬,4.16,1,4.16
打不,4.16,1,4.16
搭调,4.16,1,4.16
错事,4.16,1,4.16
挫车,4.16,1,4.16
寸进,4.16,1,4.16
村卡点,4.16,1,4.16
从外,4.16,1,4.16
从底,4.16,1,4.16
赐给,4.16,1,4.16
刺耳,4.16,1,4.16
春茂,4.16,1,4.16
吹冷风,4.16,1,4.16
吹风,4.16,1,4.16
吹到,4.16,1,4.16
窗器,4.16,1,4.16
穿孔,4.16,1,4.16
处有,4.16,1,4.16
处现,4.16,1,4.16
处漏,4.16,1,4.16
出油,4.16,1,4.16
出息,4.16,1,4.16
出钱,4.16,1,4.16
出轨,4.16,1,4.16
臭味,4.16,1,4.16
臭气熏天,4.16,1,4.16
臭气,4.16,1,4.16
抽动,4.16,1,4.16
崇牙,4.16,1,4.16
冲天,4.16,1,4.16
赤裸裸,4.16,1,4.16
耻反,4.16,1,4.16
迟暮,4.16,1,4.16
吃不开,4.16,1,4.16
城镇,4.16,1,4.16
成熟度,4.16,1,4.16
成片,4.16,1,4.16
沉重打击,4.16,1,4.16
扯蛋,4.16,1,4.16
车种,4.16,1,4.16
车一族,4.16,1,4.16
车玩,4.16,1,4.16
车天,4.16,1,4.16
车叔,4.16,1,4.16
车难,4.16,1,4.16
车凉,4.16,1,4.16
车盖,4.16,1,4.16
车费,4.16,1,4.16
车城,4.16,1,4.16
车爆漆,4.16,1,4.16
车把,4.16,1,4.16
超出预算,4.16,1,4.16
超标,4.16,1,4.16
畅顺,4.16,1,4.16
敞,4.16,1,4.16
浐,4.16,1,4.16
拆开来,4.16,1,4.16
拆除,4.16,1,4.16
差些,4.16,1,4.16
差太,4.16,1,4.16
差不差,4.16,1,4.16
刹时,4.16,1,4.16
查明,4.16,1,4.16
侧重点,4.16,1,4.16
踩重,4.16,1,4.16
踩轻,4.16,1,4.16
彩页,4.16,1,4.16
才子,4.16,1,4.16
擦拭,4.16,1,4.16
步子,4.16,1,4.16
不转,4.16,1,4.16
不中用,4.16,1,4.16
不知所措,4.16,1,4.16
不正,4.16,1,4.16
不怎么样,4.16,1,4.16
不在,4.16,1,4.16
不异,4.16,1,4.16
不严,4.16,1,4.16
不稳定性,4.16,1,4.16
不太脏,4.16,1,4.16
不收,4.16,1,4.16
不是太好,4.16,1,4.16
不烧,4.16,1,4.16
不入流,4.16,1,4.16
不容乐观,4.16,1,4.16
不忍心,4.16,1,4.16
不耐烦,4.16,1,4.16
不利,4.16,1,4.16
不力,4.16,1,4.16
不可估量,4.16,1,4.16
不堪,4.16,1,4.16
不经意,4.16,1,4.16
不讲理,4.16,1,4.16
不好受,4.16,1,4.16
不分伯仲,4.16,1,4.16
不动,4.16,1,4.16
不成,4.16,1,4.16
不标,4.16,1,4.16
补助款,4.16,1,4.16
博达,4.16,1,4.16
波及,4.16,1,4.16
病,4.16,1,4.16
冰,4.16,1,4.16
表妹,4.16,1,4.16
标准状态,4.16,1,4.16
标线,4.16,1,4.16
变轻,4.16,1,4.16
变挡,4.16,1,4.16
变大,4.16,1,4.16
避税,4.16,1,4.16
弊端,4.16,1,4.16
必换,4.16,1,4.16
必败,4.16,1,4.16
比换,4.16,1,4.16
比大,4.16,1,4.16
鼻炎,4.16,1,4.16
鼻,4.16,1,4.16
蹦蹦,4.16,1,4.16
崩溃,4.16,1,4.16
本间,4.16,1,4.16
备案,4.16,1,4.16
北五环,4.16,1,4.16
悲凉,4.16,1,4.16
悲惨,4.16,1,4.16
卑劣,4.16,1,4.16
爆胎,4.16,1,4.16
暴跌,4.16,1,4.16
暴表,4.16,1,4.16
宝和,4.16,1,4.16
宝店,4.16,1,4.16
宝诚,4.16,1,4.16
宝贝女儿,4.16,1,4.16
薄弱,4.16,1,4.16
薄漆软,4.16,1,4.16
榜上有名,4.16,1,4.16
帮帮我,4.16,1,4.16
伴有,4.16,1,4.16
半信半疑,4.16,1,4.16
半死不活,4.16,1,4.16
版智,4.16,1,4.16
板式,4.16,1,4.16
拜托,4.16,1,4.16
败,4.16,1,4.16
摆正,4.16,1,4.16
白头,4.16,1,4.16
白天黑夜,4.16,1,4.16
掰掰,4.16,1,4.16
灞,4.16,1,4.16
扒开,4.16,1,4.16
巴掌,4.16,1,4.16
凹下去,4.16,1,4.16
暗淡,4.16,1,4.16
按响,4.16,1,4.16
碍事,4.16,1,4.16
爱惜,4.16,1,4.16
爱妻,4.16,1,4.16
爱恨交加,4.16,1,4.16
爱不释手,4.16,1,4.16
阿,4.16,1,4.16
dang,4.16,1,4.16
不少,41.56,0.1,4.14
越野车,29.1,0.14,4.12
请问,16.63,0.25,4.12
究其原因,8.31,0.5,4.12
净利润,8.31,0.5,4.12
电吸门,8.31,0.5,4.12
打消,8.31,0.5,4.12
不平,8.31,0.5,4.12
办事,8.31,0.5,4.12
满足,20.78,0.2,4.11
完美,16.63,0.25,4.11
方便,12.47,0.33,4.11
版,78.97,0.05,4.1
真心,29.1,0.14,4.1
保养,70.66,0.06,4.09
威胁,8.31,0.49,4.09
提问,8.31,0.49,4.09
更新换代,8.31,0.49,4.09
发电机,8.31,0.49,4.09
漂亮,12.47,0.33,4.08
挂,33.25,0.12,4.07
贵,41.56,0.1,4.06
可,29.1,0.14,4.06
装配,20.78,0.19,4.05
体验,20.78,0.19,4.05
相当,29.1,0.14,4.03
相关,20.78,0.19,4.03
业内,8.31,0.48,4.03
掩盖,8.31,0.48,4.03
相对来说,8.31,0.48,4.03
唯独,8.31,0.48,4.03
听见,8.31,0.48,4.03
淘汰,8.31,0.48,4.03
塑料件,8.31,0.48,4.03
十大,8.31,0.48,4.03
生硬,8.31,0.48,4.03
生日,8.31,0.48,4.03
闪,8.31,0.48,4.03
色差,8.31,0.48,4.03
抛锚,8.31,0.48,4.03
难怪,8.31,0.48,4.03
磨损,8.31,0.48,4.03
描述,8.31,0.48,4.03
漏,8.31,0.48,4.03
隆起,8.31,0.48,4.03
看不出来,8.31,0.48,4.03
开玩笑,8.31,0.48,4.03
滑行,8.31,0.48,4.03
二者,8.31,0.48,4.03
电镀,8.31,0.48,4.03
低档,8.31,0.48,4.03
待遇,8.31,0.48,4.03
鄙视,8.31,0.48,4.03
类似,33.25,0.12,4.01
爬坡,16.63,0.24,4.01
再,58.19,0.07,3.98
逐步,16.63,0.24,3.96
更是,16.63,0.24,3.96
情况,70.66,0.06,3.94
省油,16.63,0.24,3.92
略显,16.63,0.24,3.92
既然,16.63,0.24,3.92
不想,24.94,0.16,3.9
根本,20.78,0.19,3.9
桃木,12.47,0.31,3.9
胎,12.47,0.31,3.9
算了,12.47,0.31,3.9
如同,12.47,0.31,3.9
韩系,12.47,0.31,3.9
挡,45.72,0.09,3.89
成为,16.63,0.23,3.89
保持,12.47,0.31,3.87
生产商,8.31,0.46,3.86
敞篷车,8.31,0.46,3.86
擦,8.31,0.46,3.86
每次,24.94,0.15,3.85
纷纷,12.47,0.31,3.82
前,141.32,0.03,3.81
简直,20.78,0.18,3.79
达到,16.63,0.23,3.79
且,33.25,0.11,3.78
细节,12.47,0.3,3.77
需求,20.78,0.18,3.75
美观,12.47,0.3,3.75
坐,58.19,0.06,3.74
怎么,83.13,0.04,3.73
相比,62.35,0.06,3.73
么,24.94,0.15,3.72
灯光,20.78,0.18,3.72
家庭,12.47,0.3,3.71
吧,120.54,0.03,3.7
稳定性,12.47,0.3,3.7
控制,33.25,0.11,3.69
玻璃,29.1,0.13,3.69
配备,12.47,0.3,3.69
颜值,8.31,0.44,3.69
期间,29.1,0.13,3.68
触摸屏,12.47,0.3,3.68
曝,8.31,0.44,3.67
诚信,8.31,0.44,3.67
一样,116.38,0.03,3.66
工艺,12.47,0.29,3.65
质感,8.31,0.44,3.65
市场份额,12.47,0.29,3.6
节省,12.47,0.29,3.6
个子,12.47,0.29,3.6
想,133.01,0.03,3.58
才,95.6,0.04,3.56
别的,37.41,0.09,3.55
助力,29.1,0.12,3.55
搭载,29.1,0.12,3.54
后悔,16.63,0.21,3.54
神,8.31,0.43,3.54
下,70.66,0.05,3.52
锐,8.31,0.42,3.52
开心,8.31,0.42,3.52
降,8.31,0.42,3.52
法,8.31,0.42,3.52
发动,8.31,0.42,3.52
产,8.31,0.42,3.52
购买,58.19,0.06,3.51
日常,20.78,0.17,3.51
改装,37.41,0.09,3.5
独立,12.47,0.28,3.5
出去,29.1,0.12,3.49
争议,12.47,0.28,3.49
回去,12.47,0.28,3.49
倒,37.41,0.09,3.48
豪华,37.41,0.09,3.47
进去,29.1,0.12,3.43
强劲,8.31,0.41,3.43
弄,12.47,0.27,3.41
整车,24.94,0.14,3.4
面临,8.31,0.41,3.4
泊车,12.47,0.27,3.39
过弯,12.47,0.27,3.38
完全,29.1,0.12,3.37
车里,29.1,0.12,3.35
两侧,16.63,0.2,3.35
包裹,16.63,0.2,3.35
担心,20.78,0.16,3.34
眼,16.63,0.2,3.34
提供,12.47,0.27,3.34
成熟,16.63,0.2,3.33
追尾,8.31,0.4,3.32
质疑,8.31,0.4,3.32
增压器,8.31,0.4,3.32
往前,8.31,0.4,3.32
台上,8.31,0.4,3.32
上去,8.31,0.4,3.32
念头,8.31,0.4,3.32
快要,8.31,0.4,3.32
可视,8.31,0.4,3.32
崛起,8.31,0.4,3.32
尽量,8.31,0.4,3.32
金额,8.31,0.4,3.32
节气门,8.31,0.4,3.32
减速带,8.31,0.4,3.32
互相,8.31,0.4,3.32
费劲,8.31,0.4,3.32
齿,8.31,0.4,3.32
受到,24.94,0.13,3.31
脚,16.63,0.2,3.31
很好,8.31,0.4,3.31
其,74.82,0.04,3.3
样子,20.78,0.16,3.3
有着,29.1,0.11,3.29
偶尔,20.78,0.16,3.29
稳定,12.47,0.26,3.28
大灯,70.66,0.05,3.27
累计,12.47,0.26,3.27
屁股,24.94,0.13,3.26
乞丐,16.63,0.2,3.26
肯定,20.78,0.16,3.25
干脆,8.31,0.39,3.25
不得不,20.78,0.16,3.24
材质,12.47,0.26,3.24
看起来,20.78,0.15,3.21
舒适度,16.63,0.19,3.21
油,37.41,0.09,3.2
实用性,8.31,0.38,3.19
大概,29.1,0.11,3.16
还好,20.78,0.15,3.16
安全气囊,20.78,0.15,3.16
关闭,16.63,0.19,3.14
之一,12.47,0.25,3.13
服务,62.35,0.05,3.12
级别,45.72,0.07,3.12
增加,20.78,0.15,3.11
以为,20.78,0.15,3.11
最好,12.47,0.25,3.11
直接,66.5,0.05,3.1
真,45.72,0.07,3.1
最大,16.63,0.19,3.1
看,199.51,0.02,3.09
智能,8.31,0.37,3.09
去,187.04,0.02,3.08
虽然,66.5,0.05,3.08
展开,8.31,0.37,3.07
换挡,33.25,0.09,3.06
果断,20.78,0.15,3.06
使,16.63,0.18,3.06
采用,8.31,0.37,3.06
产品,49.88,0.06,3.05
家里,41.56,0.07,3.05
加装,16.63,0.18,3.04
指出,8.31,0.36,3.03
臃肿,8.31,0.36,3.03
要不然,8.31,0.36,3.03
疼,8.31,0.36,3.03
权益,8.31,0.36,3.03
男生,8.31,0.36,3.03
过个,8.31,0.36,3.03
高度,33.25,0.09,3.02
买,241.07,0.01,3.01
其次,20.78,0.14,3.01
稳,16.63,0.18,3.01
蛮,16.63,0.18,3.01
马上,16.63,0.18,3.01
支撑,12.47,0.24,3.01
此外,20.78,0.14,3
槽,20.78,0.14,3
始终,16.63,0.18,2.99
难道,16.63,0.18,2.99
小,145.48,0.02,2.98
吸引,8.31,0.36,2.98
可是,33.25,0.09,2.97
suv,20.78,0.14,2.97
脸,8.31,0.36,2.97
避免,8.31,0.35,2.95
路上,37.41,0.08,2.94
电话,24.94,0.12,2.94
够,8.31,0.35,2.94
坐直,4.16,0.71,2.94
总会,4.16,0.71,2.94
资产,4.16,0.71,2.94
追随,4.16,0.71,2.94
追溯到,4.16,0.71,2.94
装上,4.16,0.71,2.94
州,4.16,0.71,2.94
重启,4.16,0.71,2.94
众化,4.16,0.71,2.94
中枪,4.16,0.71,2.94
中丐,4.16,0.71,2.94
纸糊,4.16,0.71,2.94
直立,4.16,0.71,2.94
只管,4.16,0.71,2.94
支付,4.16,0.71,2.94
支出,4.16,0.71,2.94
证书,4.16,0.71,2.94
斟酌,4.16,0.71,2.94
着急,4.16,0.71,2.94
着火,4.16,0.71,2.94
这样一来,4.16,0.71,2.94
这两台,4.16,0.71,2.94
照搬,4.16,0.71,2.94
招呼,4.16,0.71,2.94
战绩,4.16,0.71,2.94
债务,4.16,0.71,2.94
在我心中,4.16,0.71,2.94
在结构上,4.16,0.71,2.94
原配,4.16,0.71,2.94
原谅,4.16,0.71,2.94
愈加,4.16,0.71,2.94
预言家,4.16,0.71,2.94
雨雾,4.16,0.71,2.94
右前方,4.16,0.71,2.94
有如,4.16,0.71,2.94
有趣,4.16,0.71,2.94
友,4.16,0.71,2.94
游丝,4.16,0.71,2.94
用材,4.16,0.71,2.94
阴影,4.16,0.71,2.94
移步,4.16,0.71,2.94
一心一意,4.16,0.71,2.94
耀动,4.16,0.71,2.94
羊角,4.16,0.71,2.94
羊,4.16,0.71,2.94
严实,4.16,0.71,2.94
亚马逊,4.16,0.71,2.94
压缩,4.16,0.71,2.94
学车,4.16,0.71,2.94
需不需要,4.16,0.71,2.94
虚高,4.16,0.71,2.94
醒悟,4.16,0.71,2.94
星巴克,4.16,0.71,2.94
新购,4.16,0.71,2.94
心有余悸,4.16,0.71,2.94
心理准备,4.16,0.71,2.94
泄露,4.16,0.71,2.94
小三角,4.16,0.71,2.94
小路,4.16,0.71,2.94
小吃,4.16,0.71,2.94
相差近,4.16,0.71,2.94
险,4.16,0.71,2.94
嫌弃,4.16,0.71,2.94
惜,4.16,0.71,2.94
误以为,4.16,0.71,2.94
无损,4.16,0.71,2.94
无解,4.16,0.71,2.94
无法忍受,4.16,0.71,2.94
污染,4.16,0.71,2.94
问到,4.16,0.71,2.94
位数,4.16,0.71,2.94
伟业,4.16,0.71,2.94
维修中心,4.16,0.71,2.94
维修站,4.16,0.71,2.94
维修费,4.16,0.71,2.94
脱胶,4.16,0.71,2.94
托儿,4.16,0.71,2.94
托底,4.16,0.71,2.94
颓势,4.16,0.71,2.94
推送,4.16,0.71,2.94
偷懒,4.16,0.71,2.94
通行,4.16,0.71,2.94
听歌,4.16,0.71,2.94
铁路,4.16,0.71,2.94
添加剂,4.16,0.71,2.94
天文数字,4.16,0.71,2.94
倘若,4.16,0.71,2.94
太多,4.16,0.71,2.94
台里,4.16,0.71,2.94
所不,4.16,0.71,2.94
伺候,4.16,0.71,2.94
死机,4.16,0.71,2.94
试一下,4.16,0.71,2.94
式微,4.16,0.71,2.94
屎,4.16,0.71,2.94
时利,4.16,0.71,2.94
深思熟虑,4.16,0.71,2.94
身世,4.16,0.71,2.94
涉嫌,4.16,0.71,2.94
射程,4.16,0.71,2.94
舍弃,4.16,0.71,2.94
舍不得,4.16,0.71,2.94
上月,4.16,0.71,2.94
商城,4.16,0.71,2.94
伤心,4.16,0.71,2.94
晒晒,4.16,0.71,2.94
傻子,4.16,0.71,2.94
色,4.16,0.71,2.94
三元催化,4.16,0.71,2.94
锐减,4.16,0.71,2.94
软质,4.16,0.71,2.94
软肋,4.16,0.71,2.94
缺失,4.16,0.71,2.94
求解,4.16,0.71,2.94
庆,4.16,0.71,2.94
强生,4.16,0.71,2.94
前头,4.16,0.71,2.94
前边,4.16,0.71,2.94
起诉,4.16,0.71,2.94
起跑线,4.16,0.71,2.94
旗号,4.16,0.71,2.94
破裂,4.16,0.71,2.94
破烂不堪,4.16,0.71,2.94
破烂,4.16,0.71,2.94
疲软,4.16,0.71,2.94
咆哮,4.16,0.71,2.94
年前,4.16,0.71,2.94
内饰件,4.16,0.71,2.94
内幕,4.16,0.71,2.94
南阳,4.16,0.71,2.94
呐,4.16,0.71,2.94
命运,4.16,0.71,2.94
灭火器,4.16,0.71,2.94
面目全非,4.16,0.71,2.94
密封条,4.16,0.71,2.94
妹纸,4.16,0.71,2.94
美国司法部,4.16,0.71,2.94
没力,4.16,0.71,2.94
没劲,4.16,0.71,2.94
漫长,4.16,0.71,2.94
卖出去,4.16,0.71,2.94
麦克风,4.16,0.71,2.94
妈呀,4.16,0.71,2.94
露天,4.16,0.71,2.94
路噪,4.16,0.71,2.94
领导人,4.16,0.71,2.94
零配件,4.16,0.71,2.94
邻居,4.16,0.71,2.94
亮灯,4.16,0.71,2.94
两者之间,4.16,0.71,2.94
了高,4.16,0.71,2.94
牢,4.16,0.71,2.94
苦涩,4.16,0.71,2.94
口子,4.16,0.71,2.94
口哨声,4.16,0.71,2.94
空调车,4.16,0.71,2.94
颗粒,4.16,0.71,2.94
考虑一下,4.16,0.71,2.94
聚丰,4.16,0.71,2.94
剧烈,4.16,0.71,2.94
井喷,4.16,0.71,2.94
经常出现,4.16,0.71,2.94
金融危机,4.16,0.71,2.94
解决问题,4.16,0.71,2.94
降挡,4.16,0.71,2.94
驾过,4.16,0.71,2.94
加重,4.16,0.71,2.94
加塞,4.16,0.71,2.94
加满,4.16,0.71,2.94
技术人员,4.16,0.71,2.94
基础设施,4.16,0.71,2.94
积水,4.16,0.71,2.94
换件,4.16,0.71,2.94
换到,4.16,0.71,2.94
画质,4.16,0.71,2.94
呼吁,4.16,0.71,2.94
后驱,4.16,0.71,2.94
后程,4.16,0.71,2.94
后车,4.16,0.71,2.94
后才,4.16,0.71,2.94
轰鸣声,4.16,0.71,2.94
很轻,4.16,0.71,2.94
很低,4.16,0.71,2.94
黑烟,4.16,0.71,2.94
何以,4.16,0.71,2.94
何时,4.16,0.71,2.94
行不行,4.16,0.71,2.94
含有,4.16,0.71,2.94
国际贸易,4.16,0.71,2.94
闺蜜,4.16,0.71,2.94
管用,4.16,0.71,2.94
怪,4.16,0.71,2.94
够买,4.16,0.71,2.94
供货,4.16,0.71,2.94
工会,4.16,0.71,2.94
跟进,4.16,0.71,2.94
高音喇叭,4.16,0.71,2.94
刚一,4.16,0.71,2.94
福建,4.16,0.71,2.94
服务公司,4.16,0.71,2.94
否决,4.16,0.71,2.94
封闭,4.16,0.71,2.94
风起云涌,4.16,0.71,2.94
反应速度,4.16,0.71,2.94
发烫,4.16,0.71,2.94
发来,4.16,0.71,2.94
发回,4.16,0.71,2.94
兑现,4.16,0.71,2.94
断断续续,4.16,0.71,2.94
动弹,4.16,0.71,2.94
跌势,4.16,0.71,2.94
跌出,4.16,0.71,2.94
吊打,4.16,0.71,2.94
道歉,4.16,0.71,2.94
倒数,4.16,0.71,2.94
淡淡的,4.16,0.71,2.94
单单,4.16,0.71,2.94
大跌,4.16,0.71,2.94
匆忙,4.16,0.71,2.94
传来,4.16,0.71,2.94
踹,4.16,0.71,2.94
出到,4.16,0.71,2.94
抽到,4.16,0.71,2.94
尺码,4.16,0.71,2.94
迟缓,4.16,0.71,2.94
吃不消,4.16,0.71,2.94
撑死,4.16,0.71,2.94
晨,4.16,0.71,2.94
车质,4.16,0.71,2.94
车检,4.16,0.71,2.94
厂家直销,4.16,0.71,2.94
差一点,4.16,0.71,2.94
查找,4.16,0.71,2.94
岑木,4.16,0.71,2.94
侧方,4.16,0.71,2.94
步进,4.16,0.71,2.94
不知不觉,4.16,0.71,2.94
不配,4.16,0.71,2.94
不理,4.16,0.71,2.94
不靠,4.16,0.71,2.94
不当,4.16,0.71,2.94
不必要,4.16,0.71,2.94
补过,4.16,0.71,2.94
并购,4.16,0.71,2.94
变硬,4.16,0.71,2.94
爆炸,4.16,0.71,2.94
保姆,4.16,0.71,2.94
办成,4.16,0.71,2.94
钣,4.16,0.71,2.94
百度搜,4.16,0.71,2.94
白白,4.16,0.71,2.94
简单,16.63,0.18,2.93
反应,16.63,0.18,2.92
这个,199.51,0.01,2.91
其它,29.1,0.1,2.91
使得,8.31,0.35,2.9
感受,16.63,0.17,2.87
总,41.56,0.07,2.86
及,24.94,0.11,2.86
来,66.5,0.04,2.85
看到,37.41,0.08,2.85
上半年,16.63,0.17,2.85
漆面,12.47,0.23,2.85
驾驶座,12.47,0.23,2.85
所,12.47,0.23,2.84
扶手,16.63,0.17,2.82
颠簸,16.63,0.17,2.82
文案,8.31,0.34,2.82
尾灯,8.31,0.34,2.82
所有人,8.31,0.34,2.82
甩,8.31,0.34,2.82
猛,8.31,0.34,2.82
冷却液,8.31,0.34,2.82
拉皮,8.31,0.34,2.82
紧张,8.31,0.34,2.82
差速器,8.31,0.34,2.82
不让,8.31,0.34,2.82
别扭,8.31,0.34,2.82
边缘,8.31,0.34,2.82
板块,8.31,0.34,2.82
正式,8.31,0.34,2.81
个人,33.25,0.08,2.8
最为,8.31,0.34,2.79
排气管,20.78,0.13,2.78
拨,20.78,0.13,2.78
简洁,8.31,0.33,2.78
考虑,66.5,0.04,2.77
没得说,16.63,0.17,2.77
恐怕,12.47,0.22,2.76
缝隙,12.47,0.22,2.76
摆在,12.47,0.22,2.76
国内,45.72,0.06,2.74
专营店,12.47,0.22,2.72
可靠,16.63,0.16,2.7
丑,12.47,0.22,2.69
年轻人,8.31,0.32,2.68
武汉,12.47,0.21,2.66
前排,12.47,0.21,2.66
补贴,12.47,0.21,2.66
平时,24.94,0.11,2.65
雾灯,29.1,0.09,2.63
乘客,8.31,0.32,2.63
速度,37.41,0.07,2.62
距离,8.31,0.31,2.62
看上去,16.63,0.16,2.61
令,12.47,0.21,2.6
这车,29.1,0.09,2.59
制动,12.47,0.21,2.59
容积,12.47,0.21,2.59
不但,12.47,0.21,2.59
动感,4.16,0.62,2.59
用于,16.63,0.15,2.56
新,195.35,0.01,2.55
隔音,41.56,0.06,2.55
的确,12.47,0.2,2.55
线路,8.31,0.31,2.55
好歹,8.31,0.31,2.55
关门,8.31,0.31,2.55
不远,8.31,0.31,2.55
硬,33.25,0.08,2.54
节能,16.63,0.15,2.54
适合,24.94,0.1,2.53
腿部,8.31,0.3,2.52
突出,8.31,0.3,2.52
所以,124.69,0.02,2.51
方向,41.56,0.06,2.51
尾部,16.63,0.15,2.51
状态,24.94,0.1,2.5
领先,8.31,0.3,2.49
有效,4.16,0.6,2.49
公司,66.5,0.04,2.48
大气,4.16,0.6,2.48
路面,20.78,0.12,2.47
打算,29.1,0.08,2.46
个人感觉,16.63,0.15,2.45
退市,8.31,0.3,2.45
田,8.31,0.3,2.45
美国市场,8.31,0.3,2.45
乐观,8.31,0.3,2.45
干式,8.31,0.3,2.45
费用,8.31,0.3,2.45
对此,8.31,0.3,2.45
边,8.31,0.3,2.45
他,62.35,0.04,2.44
同样,37.41,0.07,2.44
做好,12.47,0.2,2.44
原本,12.47,0.2,2.44
旧,12.47,0.2,2.44
大街,12.47,0.2,2.44
反映,12.47,0.19,2.43
宝马车,12.47,0.19,2.43
驾乘,4.16,0.58,2.43
请,29.1,0.08,2.42
不是,149.63,0.02,2.4
中控台,20.78,0.12,2.4
当然,20.78,0.12,2.4
抬,8.31,0.29,2.4
商用,8.31,0.29,2.4
前大灯,8.31,0.29,2.4
前部,8.31,0.29,2.4
皮卡车,8.31,0.29,2.4
大脚,8.31,0.29,2.4
粗犷,8.31,0.29,2.4
停产,20.78,0.11,2.39
爱,16.63,0.14,2.39
款车,45.72,0.05,2.38
作弊,4.16,0.57,2.38
左转,4.16,0.57,2.38
最起码,4.16,0.57,2.38
自费,4.16,0.57,2.38
自动波,4.16,0.57,2.38
指示灯,4.16,0.57,2.38
执掌,4.16,0.57,2.38
真人秀,4.16,0.57,2.38
占到,4.16,0.57,2.38
遭,4.16,0.57,2.38
再往,4.16,0.57,2.38
越来越少,4.16,0.57,2.38
一刹那,4.16,0.57,2.38
要数,4.16,0.57,2.38
亚太,4.16,0.57,2.38
押金,4.16,0.57,2.38
续保,4.16,0.57,2.38
新版,4.16,0.57,2.38
想加,4.16,0.57,2.38
线圈,4.16,0.57,2.38
限速,4.16,0.57,2.38
喜力,4.16,0.57,2.38
维尼,4.16,0.57,2.38
微软,4.16,0.57,2.38
威佳,4.16,0.57,2.38
通电,4.16,0.57,2.38
听音,4.16,0.57,2.38
铁皮,4.16,0.57,2.38
题外话,4.16,0.57,2.38
腾达,4.16,0.57,2.38
泰国,4.16,0.57,2.38
耍流氓,4.16,0.57,2.38
市内,4.16,0.57,2.38
升窗,4.16,0.57,2.38
上周,4.16,0.57,2.38
闪灯,4.16,0.57,2.38
日趋激烈,4.16,0.57,2.38
日渐,4.16,0.57,2.38
热线,4.16,0.57,2.38
清一色,4.16,0.57,2.38
前一天,4.16,0.57,2.38
起色,4.16,0.57,2.38
评估师,4.16,0.57,2.38
频发,4.16,0.57,2.38
偏弱,4.16,0.57,2.38
诺,4.16,0.57,2.38
您好,4.16,0.57,2.38
奈何,4.16,0.57,2.38
穆勒,4.16,0.57,2.38
模糊,4.16,0.57,2.38
门锁,4.16,0.57,2.38
露出,4.16,0.57,2.38
龙,4.16,0.57,2.38
梁非,4.16,0.57,2.38
泪,4.16,0.57,2.38
老婆大人,4.16,0.57,2.38
亏,4.16,0.57,2.38
看完,4.16,0.57,2.38
坎,4.16,0.57,2.38
堪忧,4.16,0.57,2.38
军团,4.16,0.57,2.38
巨额,4.16,0.57,2.38
九代,4.16,0.57,2.38
杰,4.16,0.57,2.38
较快,4.16,0.57,2.38
缓慢,4.16,0.57,2.38
鸿,4.16,0.57,2.38
很慢,4.16,0.57,2.38
挂到,4.16,0.57,2.38
股权,4.16,0.57,2.38
给换,4.16,0.57,2.38
丐,4.16,0.57,2.38
冯,4.16,0.57,2.38
发给,4.16,0.57,2.38
兜风,4.16,0.57,2.38
掉落,4.16,0.57,2.38
店员,4.16,0.57,2.38
电眼,4.16,0.57,2.38
电瓶车,4.16,0.57,2.38
倒车灯,4.16,0.57,2.38
导购,4.16,0.57,2.38
大能,4.16,0.57,2.38
赐教,4.16,0.57,2.38
储物箱,4.16,0.57,2.38
城里,4.16,0.57,2.38
拆下来,4.16,0.57,2.38
仓,4.16,0.57,2.38
不上,4.16,0.57,2.38
并不需要,4.16,0.57,2.38
本车,4.16,0.57,2.38
保险丝,4.16,0.57,2.38
霸王,4.16,0.57,2.38
案件,4.16,0.57,2.38
安卓大屏,4.16,0.57,2.38
花,29.1,0.08,2.36
识别,20.78,0.11,2.36
力,45.72,0.05,2.35
镀铬,8.31,0.28,2.35
依然,8.31,0.28,2.34
评,8.31,0.28,2.34
不会,66.5,0.04,2.33
使用,54.03,0.04,2.33
进行,24.94,0.09,2.33
彻底,16.63,0.14,2.32
到位,12.47,0.19,2.32
很漂亮,4.16,0.56,2.31
氛围,4.16,0.56,2.31
这点,12.47,0.18,2.3
另外,29.1,0.08,2.29
传感器,12.47,0.18,2.29
犀利,8.31,0.28,2.29
赞,4.16,0.55,2.29
详细,12.47,0.18,2.28
尾门,12.47,0.18,2.28
结束,12.47,0.18,2.28
后者,12.47,0.18,2.28
路况,8.31,0.27,2.28
推背,12.47,0.18,2.27
健康,8.31,0.27,2.27
减,8.31,0.27,2.27
感强,8.31,0.27,2.27
聪明,8.31,0.27,2.27
出去玩,8.31,0.27,2.27
以后,45.72,0.05,2.25
出行,12.47,0.18,2.25
好感,12.47,0.18,2.24
奥迪车,8.31,0.27,2.24
破,16.63,0.13,2.22
踩油门,16.63,0.13,2.22
合资,33.25,0.07,2.21
更好,20.78,0.11,2.21
突破,8.31,0.27,2.2
皮实,8.31,0.26,2.2
操控性,4.16,0.53,2.2
厂商,24.94,0.09,2.19
电动,29.1,0.07,2.18
锁,12.47,0.17,2.18
麻烦,12.47,0.17,2.18
气质,4.16,0.52,2.18
流畅,4.16,0.52,2.18
乐趣,12.47,0.17,2.17
星期,8.31,0.26,2.17
小弟,8.31,0.26,2.17
维护,8.31,0.26,2.17
某些,8.31,0.26,2.17
横向,8.31,0.26,2.17
个性,8.31,0.26,2.17
安静,8.31,0.26,2.17
审美,4.16,0.52,2.17
放,33.25,0.06,2.16
平台,12.47,0.17,2.16
装饰,12.47,0.17,2.15
算是,12.47,0.17,2.15
不过,108.07,0.02,2.14
帖子,12.47,0.17,2.14
硬朗,4.16,0.51,2.13
强大,4.16,0.51,2.13
沉稳,4.16,0.51,2.13
提高,16.63,0.13,2.12
里面,24.94,0.08,2.1
并且,20.78,0.1,2.1
车头,8.31,0.25,2.1
外,12.47,0.17,2.09
乘坐,4.16,0.5,2.09
…,41.56,0.05,2.08
真皮,8.31,0.25,2.08
规整,4.16,0.5,2.08
圆润,8.31,0.25,2.07
推出,8.31,0.25,2.07
微信,4.16,0.5,2.07
容易,24.94,0.08,2.06
处,16.63,0.12,2.06
经历,8.31,0.25,2.06
走不动,4.16,0.5,2.06
中空,4.16,0.5,2.06
中断,4.16,0.5,2.06
致命,4.16,0.5,2.06
制动器,4.16,0.5,2.06
着重,4.16,0.5,2.06
折射出,4.16,0.5,2.06
罩盖,4.16,0.5,2.06
长脸,4.16,0.5,2.06
战斗机,4.16,0.5,2.06
越来越快,4.16,0.5,2.06
与日俱增,4.16,0.5,2.06
有外媒,4.16,0.5,2.06
油泥,4.16,0.5,2.06
引来,4.16,0.5,2.06
一律,4.16,0.5,2.06
要比,4.16,0.5,2.06
扬,4.16,0.5,2.06
新内饰,4.16,0.5,2.06
相互,4.16,0.5,2.06
陷入,4.16,0.5,2.06
下部,4.16,0.5,2.06
万能,4.16,0.5,2.06
拖拉,4.16,0.5,2.06
推移,4.16,0.5,2.06
推销,4.16,0.5,2.06
涂层,4.16,0.5,2.06
胎噪大,4.16,0.5,2.06
死板,4.16,0.5,2.06
市场策略,4.16,0.5,2.06
升档,4.16,0.5,2.06
舍,4.16,0.5,2.06
尚版,4.16,0.5,2.06
上劲,4.16,0.5,2.06
三位数,4.16,0.5,2.06
弱点,4.16,0.5,2.06
肉人,4.16,0.5,2.06
肉车,4.16,0.5,2.06
饶,4.16,0.5,2.06
情节,4.16,0.5,2.06
敲打,4.16,0.5,2.06
跑跑,4.16,0.5,2.06
娘,4.16,0.5,2.06
内核,4.16,0.5,2.06
南方,4.16,0.5,2.06
那俩,4.16,0.5,2.06
名声在外,4.16,0.5,2.06
名列,4.16,0.5,2.06
没能,4.16,0.5,2.06
率仅,4.16,0.5,2.06
令人满意,4.16,0.5,2.06
丽,4.16,0.5,2.06
勒,4.16,0.5,2.06
老爷子,4.16,0.5,2.06
老眼光,4.16,0.5,2.06
老将,4.16,0.5,2.06
蜡,4.16,0.5,2.06
款款,4.16,0.5,2.06
考驾照,4.16,0.5,2.06
看官,4.16,0.5,2.06
开多,4.16,0.5,2.06
决定性,4.16,0.5,2.06
进气门,4.16,0.5,2.06
紧,4.16,0.5,2.06
姐妹,4.16,0.5,2.06
渐,4.16,0.5,2.06
价格低,4.16,0.5,2.06
加分,4.16,0.5,2.06
机缘巧合,4.16,0.5,2.06
回购,4.16,0.5,2.06
哗哗,4.16,0.5,2.06
后段,4.16,0.5,2.06
很软,4.16,0.5,2.06
过关,4.16,0.5,2.06
规规矩矩,4.16,0.5,2.06
共鸣,4.16,0.5,2.06
拱,4.16,0.5,2.06
跟上,4.16,0.5,2.06
改不掉,4.16,0.5,2.06
丰满,4.16,0.5,2.06
放不下,4.16,0.5,2.06
反响,4.16,0.5,2.06
凡是,4.16,0.5,2.06
乏力,4.16,0.5,2.06
二氧化碳,4.16,0.5,2.06
多谢,4.16,0.5,2.06
短板,4.16,0.5,2.06
订制,4.16,0.5,2.06
低迷,4.16,0.5,2.06
刀切,4.16,0.5,2.06
淡雅,4.16,0.5,2.06
带到,4.16,0.5,2.06
呆,4.16,0.5,2.06
大油,4.16,0.5,2.06
挫,4.16,0.5,2.06
纯属,4.16,0.5,2.06
愁,4.16,0.5,2.06
崇尚,4.16,0.5,2.06
尺度,4.16,0.5,2.06
彻底解决,4.16,0.5,2.06
车皮,4.16,0.5,2.06
不选,4.16,0.5,2.06
不掉,4.16,0.5,2.06
比同,4.16,0.5,2.06
比的,4.16,0.5,2.06
棒极了,4.16,0.5,2.06
按说,4.16,0.5,2.06
哎哟,4.16,0.5,2.06
哎呀,4.16,0.5,2.06
算,37.41,0.05,2.05
反正,16.63,0.12,2.05
总计,4.16,0.49,2.05
注册,4.16,0.49,2.05
主人,4.16,0.49,2.05
中途,4.16,0.49,2.05
指望,4.16,0.49,2.05
证,4.16,0.49,2.05
正确,4.16,0.49,2.05
拯救,4.16,0.49,2.05
真要,4.16,0.49,2.05
圆,4.16,0.49,2.05
预留,4.16,0.49,2.05
鱼,4.16,0.49,2.05
逸,4.16,0.49,2.05
协商,4.16,0.49,2.05
限制,4.16,0.49,2.05
先天,4.16,0.49,2.05
喜爱,4.16,0.49,2.05
无感,4.16,0.49,2.05
蜗牛,4.16,0.49,2.05
温柔,4.16,0.49,2.05
未能,4.16,0.49,2.05
所在地,4.16,0.49,2.05
松,4.16,0.49,2.05
手上,4.16,0.49,2.05
慎重,4.16,0.49,2.05
神坛,4.16,0.49,2.05
杀入,4.16,0.49,2.05
赛车手,4.16,0.49,2.05
前两天,4.16,0.49,2.05
千篇一律,4.16,0.49,2.05
卖车,4.16,0.49,2.05
买不到,4.16,0.49,2.05
绿地,4.16,0.49,2.05
林肯车,4.16,0.49,2.05
老妈,4.16,0.49,2.05
框架,4.16,0.49,2.05
教练,4.16,0.49,2.05
浇,4.16,0.49,2.05
急刹车,4.16,0.49,2.05
机动车,4.16,0.49,2.05
晃,4.16,0.49,2.05
话说回来,4.16,0.49,2.05
合约,4.16,0.49,2.05
关联,4.16,0.49,2.05
感冒,4.16,0.49,2.05
阜阳,4.16,0.49,2.05
风险,4.16,0.49,2.05
非要,4.16,0.49,2.05
反对,4.16,0.49,2.05
电器,4.16,0.49,2.05
导航仪,4.16,0.49,2.05
打着,4.16,0.49,2.05
出色,4.16,0.49,2.05
骋,4.16,0.49,2.05
车漆,4.16,0.49,2.05
车底,4.16,0.49,2.05
不起,4.16,0.49,2.05
不快,4.16,0.49,2.05
不好意思,4.16,0.49,2.05
别克4S店,4.16,0.49,2.05
标榜,4.16,0.49,2.05
保守,4.16,0.49,2.05
证明,12.47,0.16,2.04
显,12.47,0.16,2.04
则,29.1,0.07,2.03
外观设计,4.16,0.49,2.03
压力,24.94,0.08,2.02
打开,24.94,0.08,2.02
座位,12.47,0.16,2.02
底,12.47,0.16,2.02
后视镜,16.63,0.12,2.01
目前,12.47,0.16,2.01
丰富,4.16,0.48,2.01
大神,16.63,0.12,2
像,74.82,0.03,1.99
位置,8.31,0.24,1.99
满载,12.47,0.16,1.98
金属,12.47,0.16,1.98
缘故,8.31,0.24,1.98
老款,8.31,0.24,1.98
贴心,4.16,0.48,1.98
不仅,4.16,0.48,1.98
关系,16.63,0.12,1.97
不用,12.47,0.16,1.97
综合,8.31,0.24,1.97
自带,8.31,0.24,1.96
指点,8.31,0.24,1.96
真空,8.31,0.24,1.96
噪声,8.31,0.24,1.96
油漆,8.31,0.24,1.96
亚军,8.31,0.24,1.96
太贵,8.31,0.24,1.96
身体,8.31,0.24,1.96
此车,8.31,0.24,1.96
不住,8.31,0.24,1.96
天,16.63,0.12,1.95
实力,4.16,0.47,1.95
无论是,4.16,0.47,1.94
自信,12.47,0.15,1.93
转弯,12.47,0.15,1.93
重要,8.31,0.23,1.93
到,203.67,0.01,1.92
够用,12.47,0.15,1.92
燃油,8.31,0.23,1.92
超车,20.78,0.09,1.91
这方面,16.63,0.11,1.91
身材,12.47,0.15,1.91
获悉,8.31,0.23,1.91
以来,20.78,0.09,1.9
塑料,20.78,0.09,1.9
精准,4.16,0.46,1.9
系车,29.1,0.07,1.89
哈哈,12.47,0.15,1.89
标准,12.47,0.15,1.88
级车,8.31,0.23,1.88
得益于,4.16,0.45,1.88
饰,8.31,0.22,1.86
地板,8.31,0.22,1.86
任何,24.94,0.07,1.85
增压,20.78,0.09,1.85
进,20.78,0.09,1.85
掉,16.63,0.11,1.85
车尾,12.47,0.15,1.85
拥有,4.16,0.45,1.85
做,112.22,0.02,1.84
游戏,4.16,0.44,1.84
意向,4.16,0.44,1.84
义乌,4.16,0.44,1.84
盐城,4.16,0.44,1.84
幸运,4.16,0.44,1.84
心想,4.16,0.44,1.84
香港,4.16,0.44,1.84
细,4.16,0.44,1.84
温州,4.16,0.44,1.84
为准,4.16,0.44,1.84
拖拉机,4.16,0.44,1.84
三围,4.16,0.44,1.84
瑞,4.16,0.44,1.84
认,4.16,0.44,1.84
前天,4.16,0.44,1.84
皮带,4.16,0.44,1.84
连为一体,4.16,0.44,1.84
狂,4.16,0.44,1.84
尽可能,4.16,0.44,1.84
鸡肋,4.16,0.44,1.84
机制,4.16,0.44,1.84
换掉,4.16,0.44,1.84
官网,4.16,0.44,1.84
杠,4.16,0.44,1.84
发票,4.16,0.44,1.84
底特律,4.16,0.44,1.84
车管所,4.16,0.44,1.84
不禁,4.16,0.44,1.84
不大,4.16,0.44,1.84
本周,4.16,0.44,1.84
安,4.16,0.44,1.84
碰撞,12.47,0.15,1.83
可靠性,12.47,0.15,1.83
看着,16.63,0.11,1.82
视频,8.31,0.22,1.82
店,29.1,0.06,1.81
悬架,12.47,0.15,1.81
良好,4.16,0.44,1.81
估计,29.1,0.06,1.8
手套,8.31,0.22,1.8
视角,8.31,0.22,1.8
每,37.41,0.05,1.79
间隙,12.47,0.14,1.79
状况,8.31,0.21,1.79
指标,8.31,0.22,1.79
易,8.31,0.22,1.79
缺乏,8.31,0.22,1.79
均匀,8.31,0.21,1.79
局促,8.31,0.22,1.79
极其,8.31,0.21,1.79
对方,8.31,0.22,1.79
比较满意,8.31,0.21,1.79
认为,37.41,0.05,1.78
怎么样,8.31,0.21,1.78
宽大,4.16,0.43,1.78
生产,45.72,0.04,1.77
以前,37.41,0.05,1.77
踏板,20.78,0.09,1.77
无疑,16.63,0.11,1.77
消息,12.47,0.14,1.77
取消,12.47,0.14,1.77
免费,12.47,0.14,1.77
反而,12.47,0.14,1.77
吹,12.47,0.14,1.77
办法,12.47,0.14,1.77
虚位,8.31,0.21,1.76
普遍,8.31,0.21,1.76
盒,8.31,0.21,1.76
刚性,8.31,0.21,1.76
轻松,4.16,0.42,1.76
出风口,12.47,0.14,1.75
营造,4.16,0.42,1.75
重庆,8.31,0.21,1.74
操作,8.31,0.21,1.74
手续,4.16,0.42,1.74
顶,33.25,0.05,1.73
进气,8.31,0.21,1.73
棉,4.16,0.42,1.73
放倒,4.16,0.42,1.73
出彩,4.16,0.42,1.73
最近,45.72,0.04,1.72
中央,8.31,0.21,1.72
开车,29.1,0.06,1.71
双,24.94,0.07,1.71
轮毂,16.63,0.1,1.7
族,4.16,0.41,1.7
注意力,4.16,0.41,1.7
致电,4.16,0.41,1.7
正时,4.16,0.41,1.7
遭遇,4.16,0.41,1.7
粤,4.16,0.41,1.7
扬州,4.16,0.41,1.7
求问,4.16,0.41,1.7
你好,4.16,0.41,1.7
南昌,4.16,0.41,1.7
目前为止,4.16,0.41,1.7
免,4.16,0.41,1.7
没少,4.16,0.41,1.7
蜡烛,4.16,0.41,1.7
开宝,4.16,0.41,1.7
进程,4.16,0.41,1.7
集体,4.16,0.41,1.7
大道,4.16,0.41,1.7
从来不,4.16,0.41,1.7
博士,4.16,0.41,1.7
飙车,4.16,0.41,1.7
前面,24.94,0.07,1.69
活动,8.31,0.2,1.69
广州,8.31,0.2,1.69
值得一提的是,4.16,0.41,1.69
试驾,58.19,0.03,1.68
二手车,12.47,0.13,1.68
曝光,8.31,0.2,1.68
越,33.25,0.05,1.67
东西,24.94,0.07,1.67
修车,8.31,0.2,1.67
模块,8.31,0.2,1.67
骂,8.31,0.2,1.67
两边,8.31,0.2,1.67
英国,4.16,0.4,1.67
全球,24.94,0.07,1.66
数据,16.63,0.1,1.66
夜晚,8.31,0.2,1.66
理念,4.16,0.4,1.66
未来,12.47,0.13,1.65
本,8.31,0.2,1.65
了解,16.63,0.1,1.64
凸起,4.16,0.39,1.64
帅气,4.16,0.4,1.64
翘,4.16,0.39,1.64
精致,4.16,0.39,1.64
缝线,4.16,0.39,1.64
底部,4.16,0.39,1.64
今年,33.25,0.05,1.63
已有,8.31,0.2,1.63
液压,8.31,0.2,1.63
平庸,8.31,0.2,1.63
卤素,8.31,0.2,1.63
购入,8.31,0.2,1.63
坐下,4.16,0.39,1.63
总体而言,4.16,0.39,1.63
下班,4.16,0.39,1.63
岁月,4.16,0.39,1.63
四指,4.16,0.39,1.63
说不出,4.16,0.39,1.63
试试,4.16,0.39,1.63
市里,4.16,0.39,1.63
看不见,4.16,0.39,1.63
脚感,4.16,0.39,1.63
几率,4.16,0.39,1.63
还给,4.16,0.39,1.63
惯,4.16,0.39,1.63
胳膊,4.16,0.39,1.63
服务质量,4.16,0.39,1.63
飞速,4.16,0.39,1.63
独享,4.16,0.39,1.63
地道,4.16,0.39,1.63
担忧,4.16,0.39,1.63
大点,4.16,0.39,1.63
舱盖,4.16,0.39,1.63
不便,4.16,0.39,1.63
只有,54.03,0.03,1.62
影像,24.94,0.06,1.62
人员,12.47,0.13,1.62
带有,12.47,0.13,1.62
总体,8.31,0.19,1.62
优秀,8.31,0.19,1.62
水平,8.31,0.19,1.62
尊贵型,4.16,0.39,1.62
指教,4.16,0.39,1.62
这场,4.16,0.39,1.62
长春,4.16,0.39,1.62
遇见,4.16,0.39,1.62
讯,4.16,0.39,1.62
限量版,4.16,0.39,1.62
同堂,4.16,0.39,1.62
年底,4.16,0.39,1.62
进店,4.16,0.39,1.62
即日起,4.16,0.39,1.62
合成,4.16,0.39,1.62
高音,4.16,0.39,1.62
底价,4.16,0.39,1.62
齿轮,4.16,0.39,1.62
车祸,4.16,0.39,1.62
变形,4.16,0.39,1.62
柏林,4.16,0.39,1.62
安排,4.16,0.39,1.62
爱好者,4.16,0.39,1.62
带,33.25,0.05,1.61
习惯,16.63,0.1,1.61
虽,8.31,0.19,1.61
高大,8.31,0.19,1.61
但,224.45,0.01,1.6
全面,20.78,0.08,1.6
档次,12.47,0.13,1.6
尊贵,8.31,0.19,1.59
伪装,4.16,0.38,1.59
上午,4.16,0.38,1.59
合作,4.16,0.38,1.59
格栅,4.16,0.38,1.59
附近,4.16,0.38,1.59
东莞,4.16,0.38,1.59
现在,133.01,0.01,1.58
优惠,29.1,0.05,1.58
也好,4.16,0.38,1.58
头部,4.16,0.38,1.58
环境,4.16,0.38,1.58
充沛,4.16,0.38,1.58
这里,29.1,0.05,1.57
子板,8.31,0.19,1.57
警示,8.31,0.19,1.57
驾驶室,8.31,0.19,1.57
钣金,8.31,0.19,1.57
子,4.16,0.38,1.57
值得,4.16,0.38,1.57
正品,4.16,0.38,1.57
战,4.16,0.38,1.57
压,4.16,0.38,1.57
新浪,4.16,0.38,1.57
氙气灯,4.16,0.38,1.57
人民币,4.16,0.38,1.57
评论,4.16,0.38,1.57
列,4.16,0.38,1.57
礼包,4.16,0.38,1.57
看点,4.16,0.38,1.57
纪念版,4.16,0.38,1.57
侧面,4.16,0.38,1.57
已,54.03,0.03,1.56
论坛,33.25,0.05,1.56
随便,12.47,0.12,1.56
缺少,12.47,0.12,1.56
皮,12.47,0.12,1.56
后门,12.47,0.12,1.56
一举,4.16,0.38,1.56
小巧,4.16,0.37,1.56
全家人,4.16,0.38,1.56
敲定,4.16,0.38,1.56
偏好,4.16,0.38,1.56
迷住,4.16,0.38,1.56
利用率,4.16,0.38,1.56
充裕,4.16,0.37,1.56
透镜,16.63,0.09,1.55
延续,12.47,0.12,1.55
条,8.31,0.19,1.55
撞,4.16,0.37,1.55
十月,4.16,0.37,1.55
沧州,4.16,0.37,1.55
部门,4.16,0.37,1.55
行车,20.78,0.07,1.54
左边,4.16,0.37,1.54
右侧,4.16,0.37,1.54
笑,4.16,0.37,1.54
什么样,4.16,0.37,1.54
求教,4.16,0.37,1.54
平顺,4.16,0.37,1.54
配套,4.16,0.37,1.54
拉低,4.16,0.37,1.54
救援,4.16,0.37,1.54
好看,4.16,0.37,1.54
高速公路,4.16,0.37,1.54
出售,4.16,0.37,1.54
车龄,4.16,0.37,1.54
敞篷,4.16,0.37,1.54
最后,45.72,0.03,1.53
相信,8.31,0.18,1.53
整容,4.16,0.37,1.53
疑似,4.16,0.37,1.53
塑造,4.16,0.37,1.53
受伤,4.16,0.37,1.53
商标,4.16,0.37,1.53
荣膺,4.16,0.37,1.53
恰到好处,4.16,0.37,1.53
哪些,4.16,0.37,1.53
摩擦,4.16,0.37,1.53
后部,4.16,0.37,1.53
诟病,4.16,0.37,1.53
夺,4.16,0.37,1.53
不难看出,4.16,0.37,1.53
差距,24.94,0.06,1.52
成功,12.47,0.12,1.52
最新,8.31,0.18,1.52
视觉,4.16,0.37,1.52
式,4.16,0.37,1.52
当时,70.66,0.02,1.51
像是,16.63,0.09,1.51
副,16.63,0.09,1.51
不同,12.47,0.12,1.51
借,8.31,0.18,1.51
达成,8.31,0.18,1.51
保修,8.31,0.18,1.51
全系,12.47,0.12,1.5
有关,12.47,0.12,1.49
缺点,12.47,0.12,1.49
认可,4.16,0.36,1.49
独特,4.16,0.36,1.49
可能,83.13,0.02,1.48
令人,8.31,0.18,1.48
超过,33.25,0.04,1.47
升级,20.78,0.07,1.47
轻,12.47,0.12,1.47
之所以,8.31,0.18,1.47
有力,8.31,0.18,1.47
负责,8.31,0.18,1.47
空间设计,4.16,0.35,1.47
好车,4.16,0.35,1.47
创新,4.16,0.35,1.47
便利性,4.16,0.35,1.47
售价,12.47,0.12,1.46
本土,8.31,0.18,1.46
独有,4.16,0.35,1.46
各种,29.1,0.05,1.45
用车,12.47,0.12,1.45
标配,12.47,0.12,1.45
去年,29.1,0.05,1.44
价位,20.78,0.07,1.44
属于,16.63,0.09,1.44
输出,16.63,0.09,1.44
汽油,16.63,0.09,1.44
率,8.31,0.17,1.44
是因为,4.16,0.35,1.44
前后排,4.16,0.35,1.44
内部空间,4.16,0.35,1.44
车顶,4.16,0.35,1.44
均,29.1,0.05,1.43
调校,8.31,0.17,1.43
最高,12.47,0.11,1.42
想想,12.47,0.11,1.42
早就,8.31,0.17,1.42
下车,8.31,0.17,1.42
地图,8.31,0.17,1.42
您,4.16,0.34,1.42
什么,137.16,0.01,1.41
并,99.75,0.01,1.41
进入,29.1,0.05,1.41
忠实,8.31,0.17,1.41
郑州,8.31,0.17,1.41
稳当,8.31,0.17,1.41
挺大,8.31,0.17,1.41
日益,8.31,0.17,1.41
求,8.31,0.17,1.41
杠杠,4.16,0.34,1.41
比例,4.16,0.34,1.41
?,24.94,0.06,1.4
这款,12.47,0.11,1.4
提示,8.31,0.17,1.4
功率,8.31,0.17,1.4
扎实,4.16,0.34,1.4
用户,4.16,0.34,1.4
仪表,24.94,0.06,1.39
宝宝,12.47,0.11,1.39
降低,8.31,0.17,1.39
尺寸,33.25,0.04,1.38
里程,20.78,0.07,1.38
小心,12.47,0.11,1.38
注重,8.31,0.17,1.38
吸引力,8.31,0.17,1.38
街,8.31,0.17,1.38
管,8.31,0.17,1.38
改善,8.31,0.17,1.38
自己,112.22,0.01,1.37
测试,16.63,0.08,1.37
日间,8.31,0.16,1.37
总结,4.16,0.33,1.37
环保,4.16,0.33,1.37
新款,45.72,0.03,1.36
用心,4.16,0.33,1.36
随动,4.16,0.33,1.35
谍照,4.16,0.33,1.35
关键,16.63,0.08,1.34
作用,12.47,0.11,1.34
设置,12.47,0.11,1.34
看来,12.47,0.11,1.34
最佳,4.16,0.32,1.34
热,4.16,0.32,1.34
所有,8.31,0.16,1.33
视野,8.31,0.16,1.33
工作,37.41,0.04,1.32
电子,29.1,0.05,1.32
回家,16.63,0.08,1.32
三厢,12.47,0.11,1.32
各,12.47,0.11,1.32
伙伴,4.16,0.32,1.31
啊,120.54,0.01,1.3
涡轮,49.88,0.03,1.3
巡航,8.31,0.16,1.3
还有,91.44,0.01,1.29
驱,20.78,0.06,1.29
换成,12.47,0.1,1.29
实现,4.16,0.31,1.29
旗下,24.94,0.05,1.28
众,8.31,0.15,1.28
备受,4.16,0.31,1.28
集团,24.94,0.05,1.27
经销商,12.47,0.1,1.27
特色,4.16,0.31,1.27
灵敏,4.16,0.31,1.27
驾驶员,4.16,0.31,1.27
自然,16.63,0.08,1.26
占据,12.47,0.1,1.26
这部,8.31,0.15,1.26
哇,8.31,0.15,1.26
过于,8.31,0.15,1.26
大车,8.31,0.15,1.26
不怎么,8.31,0.15,1.26
弯道,4.16,0.3,1.26
比如,33.25,0.04,1.25
真是,29.1,0.04,1.25
加,29.1,0.04,1.25
驾,20.78,0.06,1.25
从容,4.16,0.3,1.25
无,41.56,0.03,1.24
或者,33.25,0.04,1.24
越来越,24.94,0.05,1.24
后座,8.31,0.15,1.24
选车,24.94,0.05,1.23
至少,20.78,0.06,1.23
说明,16.63,0.07,1.23
产生,16.63,0.07,1.23
偏向,8.31,0.15,1.23
行李,4.16,0.3,1.23
同一,12.47,0.1,1.22
神车,4.16,0.29,1.22
去年同期,12.47,0.1,1.21
自身,4.16,0.29,1.21
夜间,4.16,0.29,1.21
盲区,4.16,0.29,1.21
溜,4.16,0.29,1.21
后方,4.16,0.29,1.21
辨识,4.16,0.29,1.21
已经,95.6,0.01,1.2
以上,45.72,0.03,1.2
代步,16.63,0.07,1.2
城市,8.31,0.14,1.2
走低,4.16,0.29,1.2
自吸,4.16,0.29,1.2
铸造,4.16,0.29,1.2
重复,4.16,0.29,1.2
中部,4.16,0.29,1.2
掌控,4.16,0.29,1.2
长相,4.16,0.29,1.2
乍,4.16,0.29,1.2
雨刮器,4.16,0.29,1.2
用处,4.16,0.29,1.2
一切正常,4.16,0.29,1.2
信,4.16,0.29,1.2
欣慰,4.16,0.29,1.2
小东西,4.16,0.29,1.2
箱子,4.16,0.29,1.2
乡下,4.16,0.29,1.2
熄灭,4.16,0.29,1.2
尾巴,4.16,0.29,1.2
突显,4.16,0.29,1.2
讨,4.16,0.29,1.2
水中,4.16,0.29,1.2
市值,4.16,0.29,1.2
市长,4.16,0.29,1.2
润滑,4.16,0.29,1.2
庆幸,4.16,0.29,1.2
清洁,4.16,0.29,1.2
平坦,4.16,0.29,1.2
偏重,4.16,0.29,1.2
排在,4.16,0.29,1.2
爬,4.16,0.29,1.2
内嵌式,4.16,0.29,1.2
内能,4.16,0.29,1.2
耐用性,4.16,0.29,1.2
乃,4.16,0.29,1.2
那啥,4.16,0.29,1.2
密封,4.16,0.29,1.2
萌生,4.16,0.29,1.2
蛮大,4.16,0.29,1.2
买单,4.16,0.29,1.2
落伍,4.16,0.29,1.2
萝卜,4.16,0.29,1.2
老虎,4.16,0.29,1.2
懒得,4.16,0.29,1.2
狂热,4.16,0.29,1.2
静止,4.16,0.29,1.2
浸泡,4.16,0.29,1.2
接连,4.16,0.29,1.2
架子,4.16,0.29,1.2
假,4.16,0.29,1.2
既有,4.16,0.29,1.2
机盖,4.16,0.29,1.2
横条,4.16,0.29,1.2
毫不逊色,4.16,0.29,1.2
关帝爷,4.16,0.29,1.2
关,4.16,0.29,1.2
固特异,4.16,0.29,1.2
个别,4.16,0.29,1.2
隔音材料,4.16,0.29,1.2
法系,4.16,0.29,1.2
对不起,4.16,0.29,1.2
低音炮,4.16,0.29,1.2
低点,4.16,0.29,1.2
达喀尔,4.16,0.29,1.2
吹牛,4.16,0.29,1.2
传到,4.16,0.29,1.2
藏,4.16,0.29,1.2
惨不忍睹,4.16,0.29,1.2
不无关系,4.16,0.29,1.2
不愧,4.16,0.29,1.2
不佳,4.16,0.29,1.2
不该,4.16,0.29,1.2
比较严重,4.16,0.29,1.2
保留意见,4.16,0.29,1.2
白菜,4.16,0.29,1.2
强烈,8.31,0.14,1.19
手感,4.16,0.29,1.19
进步,4.16,0.29,1.19
拿,29.1,0.04,1.18
如,16.63,0.07,1.18
低端,8.31,0.14,1.18
顺畅,4.16,0.28,1.18
这么,37.41,0.03,1.17
颜色,8.31,0.14,1.17
调整,8.31,0.14,1.17
化,8.31,0.14,1.17
风,16.63,0.07,1.16
遥控,12.47,0.09,1.16
就算,8.31,0.14,1.16
无论,4.16,0.28,1.16
拉,12.47,0.09,1.15
加长,4.16,0.28,1.15
近,24.94,0.05,1.14
再次,20.78,0.05,1.14
下来,20.78,0.05,1.14
程度,12.47,0.09,1.14
不论是,8.31,0.14,1.14
大家,95.6,0.01,1.13
长时间,4.16,0.27,1.13
扭矩,4.16,0.27,1.13
朋友,99.75,0.01,1.12
看看,54.03,0.02,1.12
后面,33.25,0.03,1.12
较为,12.47,0.09,1.12
超跑,12.47,0.09,1.12
越野,8.31,0.13,1.12
车灯,8.31,0.13,1.12
打造,4.16,0.27,1.12
一定,24.94,0.04,1.11
如果说,8.31,0.13,1.11
加入,8.31,0.13,1.11
高速行驶,8.31,0.13,1.11
城市道路,8.31,0.13,1.11
车长,8.31,0.13,1.11
印象,4.16,0.27,1.11
配,54.03,0.02,1.1
不要,29.1,0.04,1.1
卡,12.47,0.09,1.1
再有,4.16,0.26,1.1
途中,4.16,0.26,1.1
添,4.16,0.26,1.1
胜出,4.16,0.26,1.1
坡道,4.16,0.26,1.1
内部,4.16,0.26,1.1
富有,4.16,0.26,1.1
地面,4.16,0.26,1.1
之前,83.13,0.01,1.09
还要,24.94,0.04,1.09
先生,12.47,0.09,1.09
理由,12.47,0.09,1.09
发展,12.47,0.09,1.09
强项,8.31,0.13,1.09
解锁,8.31,0.13,1.09
很棒,4.16,0.26,1.08
传统,4.16,0.26,1.08
不可,4.16,0.26,1.08
榜,4.16,0.26,1.08
其中,24.94,0.04,1.07
同,12.47,0.09,1.07
换车,12.47,0.09,1.07
放心,12.47,0.09,1.07
国产,33.25,0.03,1.06
选,16.63,0.06,1.06
弯,12.47,0.09,1.06
厚道,12.47,0.09,1.06
变得,12.47,0.09,1.06
儿童,8.31,0.13,1.06
享受,4.16,0.25,1.06
变,4.16,0.26,1.06
后来,54.03,0.02,1.05
哪,24.94,0.04,1.05
氙气,20.78,0.05,1.05
有没有,8.31,0.13,1.05
保证,4.16,0.25,1.05
面前,12.47,0.08,1.04
送,4.16,0.25,1.04
马,4.16,0.25,1.04
旅,4.16,0.25,1.04
车速,4.16,0.25,1.04
新车,141.32,0.01,1.03
车主,108.07,0.01,1.03
是否,12.47,0.08,1.03
升,12.47,0.08,1.03
北美,12.47,0.08,1.03
整个,8.31,0.12,1.03
信心,8.31,0.12,1.03
奇怪,8.31,0.12,1.03
看法,8.31,0.12,1.03
经济,8.31,0.12,1.03
家用车,4.16,0.25,1.03
加热,8.31,0.12,1.02
达,8.31,0.12,1.02
当初,4.16,0.24,1.02
诚意,4.16,0.25,1.02
超,8.31,0.12,1.01
张扬,4.16,0.24,1.01
引擎盖,4.16,0.24,1.01
现款,4.16,0.24,1.01
顺手,4.16,0.24,1.01
上看,4.16,0.24,1.01
加大,4.16,0.24,1.01
排行榜,12.47,0.08,1
短,12.47,0.08,1
似乎,20.78,0.05,0.99
如此,20.78,0.05,0.99
不管,20.78,0.05,0.99
提到,12.47,0.08,0.99
仅,12.47,0.08,0.99
背,4.16,0.24,0.99
研发,4.16,0.24,0.98
尾箱,4.16,0.24,0.98
微微,4.16,0.24,0.98
贴合,4.16,0.24,0.98
亮度,4.16,0.24,0.98
基因,4.16,0.24,0.98
钢材,4.16,0.24,0.98
顶部,4.16,0.24,0.98
大面积,4.16,0.24,0.98
不用说,4.16,0.24,0.98
这些,49.88,0.02,0.97
应对,4.16,0.23,0.97
英寸,4.16,0.23,0.97
检测,16.63,0.06,0.96
提醒,8.31,0.12,0.96
陆续,4.16,0.23,0.95
监测,4.16,0.23,0.95
继续,4.16,0.23,0.95
称,16.63,0.06,0.94
物品,4.16,0.23,0.94
出门,4.16,0.23,0.94
常年,4.16,0.23,0.94
中控,20.78,0.04,0.93
家人,4.16,0.22,0.93
既,4.16,0.22,0.93
依旧,20.78,0.04,0.92
多功能,16.63,0.06,0.92
不小,12.47,0.07,0.92
折腾,8.31,0.11,0.92
影响力,8.31,0.11,0.92
进来,8.31,0.11,0.92
减半,8.31,0.11,0.92
具备,4.16,0.22,0.92
离合,41.56,0.02,0.91
时代,4.16,0.22,0.91
即使,4.16,0.22,0.91
材料,4.16,0.22,0.91
自动,149.63,0.01,0.9
全,54.03,0.02,0.9
拥堵,8.31,0.11,0.9
明确,8.31,0.11,0.9
开过,8.31,0.11,0.9
挤,8.31,0.11,0.9
放在,8.31,0.11,0.9
著称,4.16,0.22,0.9
支撑杆,4.16,0.22,0.9
再就是,4.16,0.22,0.9
摇,4.16,0.22,0.9
心意,4.16,0.22,0.9
响应速度,4.16,0.22,0.9
无所谓,4.16,0.22,0.9
无不,4.16,0.22,0.9
完车,4.16,0.22,0.9
挺舒服,4.16,0.22,0.9
舒雅,4.16,0.22,0.9
人心,4.16,0.22,0.9
轻奢,4.16,0.22,0.9
亲身,4.16,0.22,0.9
前端,4.16,0.22,0.9
皮革,4.16,0.22,0.9
碰上,4.16,0.22,0.9
绿灯,4.16,0.22,0.9
落下,4.16,0.22,0.9
浪,4.16,0.22,0.9
困境,4.16,0.22,0.9
今年以来,4.16,0.22,0.9
街车,4.16,0.22,0.9
较强,4.16,0.22,0.9
交通状况,4.16,0.22,0.9
好开,4.16,0.22,0.9
行走,4.16,0.22,0.9
股东,4.16,0.22,0.9
功课,4.16,0.22,0.9
各有所爱,4.16,0.22,0.9
高标准,4.16,0.22,0.9
诶,4.16,0.22,0.9
顿时,4.16,0.22,0.9
独创,4.16,0.22,0.9
单边,4.16,0.22,0.9
大半年,4.16,0.22,0.9
窜,4.16,0.22,0.9
憋屈,4.16,0.22,0.9
笨重,4.16,0.22,0.9
悬挂,24.94,0.04,0.89
表示,20.78,0.04,0.89
期待,8.31,0.11,0.89
坐车,4.16,0.21,0.89
总之,4.16,0.21,0.89
指向性,4.16,0.21,0.89
载物,4.16,0.21,0.89
预计,4.16,0.21,0.89
一路上,4.16,0.21,0.89
瑕疵,4.16,0.21,0.89
算不上,4.16,0.21,0.89
市场占有率,4.16,0.21,0.89
实实在在,4.16,0.21,0.89
认定,4.16,0.21,0.89
经济实用,4.16,0.21,0.89
个个,4.16,0.21,0.89
布局,4.16,0.22,0.89
不太好,4.16,0.21,0.89
暴雨,4.16,0.21,0.89
实际,20.78,0.04,0.88
气,12.47,0.07,0.88
女生,8.31,0.11,0.88
买来,8.31,0.11,0.88
产能,8.31,0.11,0.88
媒体,4.16,0.21,0.88
看中,4.16,0.21,0.88
静音,4.16,0.21,0.88
处于,4.16,0.21,0.88
焊接,8.31,0.1,0.87
德,4.16,0.21,0.87
打,20.78,0.04,0.86
试,16.63,0.05,0.86
保险杠,16.63,0.05,0.86
眼睛,8.31,0.1,0.86
驱车,8.31,0.1,0.86
累,8.31,0.1,0.86
给予,8.31,0.1,0.86
该车,4.16,0.21,0.86
电动机,4.16,0.21,0.86
官方,12.47,0.07,0.85
而言,12.47,0.07,0.85
上下班,8.31,0.1,0.85
凸显,4.16,0.21,0.85
上档次,4.16,0.21,0.85
轻盈,4.16,0.21,0.85
美系,4.16,0.21,0.85
看重,4.16,0.21,0.85
应该,49.88,0.02,0.84
走,45.72,0.02,0.84
决定,16.63,0.05,0.84
远,12.47,0.07,0.84
怕,12.47,0.07,0.84
自动档,8.31,0.1,0.84
意见,8.31,0.1,0.84
退出,8.31,0.1,0.84
概念车,8.31,0.1,0.84
离,4.16,0.2,0.84
高端,4.16,0.2,0.84
便宜,33.25,0.03,0.83
!,24.94,0.03,0.83
侧,12.47,0.07,0.83
作业,8.31,0.1,0.83
重视,8.31,0.1,0.83
支持,8.31,0.1,0.83
廉价,8.31,0.1,0.83
分别,8.31,0.1,0.83
新能源,4.16,0.2,0.83
销售,112.22,0.01,0.82
必须,20.78,0.04,0.82
心,16.63,0.05,0.82
普通,16.63,0.05,0.82
几乎,12.47,0.07,0.82
计划,8.31,0.1,0.82
版本,8.31,0.1,0.82
因素,4.16,0.2,0.82
问,33.25,0.02,0.81
购车,33.25,0.02,0.81
首先,20.78,0.04,0.81
排量,16.63,0.05,0.81
中心,8.31,0.1,0.81
协调,8.31,0.1,0.81
哥们,8.31,0.1,0.81
冲击,8.31,0.1,0.81
专业人士,4.16,0.2,0.81
致,4.16,0.2,0.81
噪音控制,4.16,0.2,0.81
原地,4.16,0.2,0.81
雨刷器,4.16,0.2,0.81
有点像,4.16,0.2,0.81
油价,4.16,0.2,0.81
虚拟,4.16,0.2,0.81
形容,4.16,0.19,0.81
小小的,4.16,0.2,0.81
乡村,4.16,0.2,0.81
下手,4.16,0.2,0.81
下定决心,4.16,0.2,0.81
拖,4.16,0.2,0.81
体育场,4.16,0.2,0.81
讨厌,4.16,0.2,0.81
说来,4.16,0.2,0.81
说法,4.16,0.2,0.81
试问,4.16,0.2,0.81
实,4.16,0.2,0.81
软硬,4.16,0.2,0.81
人声,4.16,0.2,0.81
轻便,4.16,0.2,0.81
强制,4.16,0.2,0.81
披露,4.16,0.2,0.81
批评,4.16,0.2,0.81
没买,4.16,0.2,0.81
没见,4.16,0.2,0.81
老年,4.16,0.2,0.81
老大,4.16,0.2,0.81
困扰,4.16,0.2,0.81
空,4.16,0.2,0.81
看吧,4.16,0.2,0.81
经营,4.16,0.19,0.81
节约,4.16,0.2,0.81
接轨,4.16,0.2,0.81
叫座,4.16,0.2,0.81
叫好,4.16,0.2,0.81
加州,4.16,0.2,0.81
缓冲,4.16,0.2,0.81
后窗,4.16,0.2,0.81
痕迹,4.16,0.2,0.81
观点,4.16,0.2,0.81
工地,4.16,0.2,0.81
更改,4.16,0.2,0.81
革命,4.16,0.2,0.81
高层,4.16,0.2,0.81
赶上,4.16,0.2,0.81
服役,4.16,0.2,0.81
分明,4.16,0.2,0.81
发现自己,4.16,0.2,0.81
从未,4.16,0.2,0.81
除外,4.16,0.2,0.81
充斥,4.16,0.2,0.81
持,4.16,0.2,0.81
沉淀,4.16,0.2,0.81
车窗,4.16,0.19,0.81
唉,4.16,0.2,0.81
定制,16.63,0.05,0.8
做到,4.16,0.19,0.8
增速,4.16,0.19,0.8
一度,4.16,0.19,0.8
适应,4.16,0.19,0.8
上下,4.16,0.19,0.8
倾斜,4.16,0.19,0.8
倾,4.16,0.19,0.8
轻快,4.16,0.19,0.8
年代,4.16,0.19,0.8
精细,4.16,0.19,0.8
吃力,4.16,0.19,0.8
超越,4.16,0.19,0.8
长,24.94,0.03,0.79
当,12.47,0.06,0.79
靠,8.31,0.09,0.79
正在,4.16,0.19,0.79
需要,74.82,0.01,0.78
包括,29.1,0.03,0.78
竞争力,12.47,0.06,0.78
战略,8.31,0.09,0.78
匹配,8.31,0.09,0.78
指,4.16,0.19,0.78
型号,4.16,0.19,0.78
定位,16.63,0.05,0.77
调,8.31,0.09,0.77
伤,8.31,0.09,0.77
承诺,8.31,0.09,0.77
哎,8.31,0.09,0.77
我家,4.16,0.19,0.77
融入,4.16,0.19,0.77
每个,4.16,0.19,0.77
北京,62.35,0.01,0.76
型,29.1,0.03,0.76
也许,16.63,0.05,0.76
他们,16.63,0.05,0.76
工具,12.47,0.06,0.76
主流,8.31,0.09,0.76
钢板,8.31,0.09,0.76
车中,8.31,0.09,0.76
正是,4.16,0.18,0.76
分析,12.47,0.06,0.75
滴,12.47,0.06,0.75
总的来说,4.16,0.18,0.75
准备,4.16,0.18,0.75
极大,4.16,0.18,0.75
地区,4.16,0.18,0.75
毫无,8.31,0.09,0.74
贷款,8.31,0.09,0.74
保值,8.31,0.09,0.74
组合,4.16,0.18,0.74
制造,4.16,0.18,0.74
造车,4.16,0.18,0.74
音乐,4.16,0.18,0.74
皮质,4.16,0.18,0.74
靠背,4.16,0.18,0.74
较低,4.16,0.18,0.74
及时,4.16,0.18,0.74
工厂,4.16,0.18,0.74
点缀,4.16,0.18,0.74
爆发,4.16,0.18,0.74
人家,20.78,0.03,0.73
道路,16.63,0.04,0.73
原,8.31,0.09,0.73
无奈,8.31,0.09,0.73
那时,8.31,0.09,0.73
差别,8.31,0.09,0.73
行,24.94,0.03,0.72
态度,12.47,0.06,0.72
急,8.31,0.09,0.72
充电,8.31,0.09,0.72
山路,4.16,0.17,0.72
和谐,4.16,0.17,0.72
高科技,4.16,0.17,0.72
低调,4.16,0.17,0.72
虽说,12.47,0.06,0.71
门板,12.47,0.06,0.71
逼,12.47,0.06,0.71
广告,4.16,0.17,0.71
那么,54.03,0.01,0.7
听,20.78,0.03,0.7
近日,20.78,0.03,0.7
坐在,8.31,0.08,0.7
这位,8.31,0.08,0.7
幅度,8.31,0.08,0.7
而已,8.31,0.08,0.7
来自,4.16,0.17,0.7
厚实,4.16,0.17,0.7
哈,4.16,0.17,0.7
不算,4.16,0.17,0.7
保有量,4.16,0.17,0.7
这项,8.31,0.08,0.69
窄,8.31,0.08,0.69
石家庄,8.31,0.08,0.69
裸,8.31,0.08,0.69
回,8.31,0.08,0.69
公众,8.31,0.08,0.69
低音,8.31,0.08,0.69
设定,4.16,0.16,0.69
进口,54.03,0.01,0.68
咱,8.31,0.08,0.68
唯一,8.31,0.08,0.68
迎来,4.16,0.16,0.68
旗舰,4.16,0.16,0.68
澎湃,4.16,0.16,0.68
基本,33.25,0.02,0.67
上海,16.63,0.04,0.67
光,16.63,0.04,0.67
时速,12.47,0.05,0.67
升降,12.47,0.05,0.67
生,8.31,0.08,0.67
谱,8.31,0.08,0.67
坐进,4.16,0.16,0.67
项目,4.16,0.16,0.67
率先,4.16,0.16,0.67
旅途,4.16,0.16,0.67
局面,4.16,0.16,0.67
防护,4.16,0.16,0.67
短途,4.16,0.16,0.67
订购,4.16,0.16,0.67
低矮,4.16,0.16,0.67
德国人,4.16,0.16,0.67
地位,12.47,0.05,0.66
身边,8.31,0.08,0.66
即将,8.31,0.08,0.66
同价位,4.16,0.16,0.66
交,4.16,0.16,0.66
公布,4.16,0.16,0.66
然而,16.63,0.04,0.65
啦,16.63,0.04,0.65
记得,8.31,0.08,0.65
吃,8.31,0.08,0.65
媳妇,4.16,0.16,0.65
看过,4.16,0.16,0.65
她,24.94,0.03,0.64
便,16.63,0.04,0.64
事情,12.47,0.05,0.64
改进,12.47,0.05,0.64
一大,4.16,0.15,0.64
手机,4.16,0.15,0.64
区域,4.16,0.15,0.64
快速,4.16,0.15,0.64
大量,4.16,0.15,0.64
潮流,4.16,0.15,0.64
现场,8.31,0.08,0.63
老气,8.31,0.08,0.63
减少,8.31,0.08,0.63
看上,4.16,0.15,0.63
持续,4.16,0.15,0.63
畅销,4.16,0.15,0.63
最终,20.78,0.03,0.62
美,20.78,0.03,0.62
惊喜,20.78,0.03,0.62
选装,12.47,0.05,0.62
样式,8.31,0.07,0.62
提速,8.31,0.07,0.62
前后,8.31,0.07,0.62
拍,8.31,0.08,0.62
方式,8.31,0.07,0.62
结构,4.16,0.15,0.62
当天,4.16,0.15,0.62
车友会,4.16,0.15,0.62
爱车,4.16,0.15,0.62
中庸,12.47,0.05,0.61
现车,4.16,0.15,0.61
对比,24.94,0.02,0.6
它们,16.63,0.04,0.6
牌子,16.63,0.04,0.6
连,16.63,0.04,0.6
帮助,16.63,0.04,0.6
终于,8.31,0.07,0.6
真正,8.31,0.07,0.6
坚持,8.31,0.07,0.6
性格,4.16,0.14,0.6
台,4.16,0.15,0.6
日本,4.16,0.14,0.6
屏幕,4.16,0.14,0.6
配色,4.16,0.14,0.6
雷达,20.78,0.03,0.59
高达,12.47,0.05,0.59
走量,4.16,0.14,0.59
直观,4.16,0.14,0.59
真实,4.16,0.14,0.59
展车,4.16,0.14,0.59
原有,4.16,0.14,0.59
雨天,4.16,0.14,0.59
逾,4.16,0.14,0.59
应付,4.16,0.14,0.59
夏利车,4.16,0.14,0.59
勿,4.16,0.14,0.59
外地,4.16,0.14,0.59
停留,4.16,0.14,0.59
谈到,4.16,0.14,0.59
耍,4.16,0.14,0.59
视,4.16,0.14,0.59
试图,4.16,0.14,0.59
实车,4.16,0.14,0.59
上坡,4.16,0.14,0.59
撒,4.16,0.14,0.59
任,4.16,0.14,0.59
全都,4.16,0.14,0.59
强于,4.16,0.14,0.59
强行,4.16,0.14,0.59
欠缺,4.16,0.14,0.59
平常,4.16,0.14,0.59
扭,4.16,0.14,0.59
年限,4.16,0.14,0.59
年轻化,4.16,0.14,0.59
乃至,4.16,0.14,0.59
哪家,4.16,0.14,0.59
勉强,4.16,0.14,0.59
没开,4.16,0.14,0.59
喽,4.16,0.14,0.59
流水,4.16,0.14,0.59
拉花,4.16,0.14,0.59
困难,4.16,0.14,0.59
口号,4.16,0.14,0.59
开着,4.16,0.14,0.59
脚步,4.16,0.14,0.59
后视,4.16,0.14,0.59
告别,4.16,0.14,0.59
高逼格,4.16,0.14,0.59
风扇,4.16,0.14,0.59
断,4.16,0.14,0.59
电源,4.16,0.14,0.59
的么,4.16,0.14,0.59
打出,4.16,0.14,0.59
不温不火,4.16,0.14,0.59
并不大,4.16,0.14,0.59
本质,4.16,0.14,0.59
纯,12.47,0.05,0.58
专业,8.31,0.07,0.58
小型,8.31,0.07,0.58
中意,4.16,0.14,0.58
这块,4.16,0.14,0.58
体会,4.16,0.14,0.58
行李箱,4.16,0.14,0.58
海外,4.16,0.14,0.58
一体,8.31,0.07,0.57
相对,8.31,0.07,0.57
为啥,8.31,0.07,0.57
网络,8.31,0.07,0.57
综合性,4.16,0.14,0.57
轴,4.16,0.14,0.57
直喷,4.16,0.14,0.57
细分,4.16,0.14,0.57
雾,4.16,0.14,0.57
所用,4.16,0.14,0.57
顺眼,4.16,0.14,0.57
沈阳,4.16,0.14,0.57
舍得,4.16,0.14,0.57
锐利,4.16,0.14,0.57
软件,4.16,0.14,0.57
热卖,4.16,0.14,0.57
取向,4.16,0.14,0.57
摸,4.16,0.14,0.57
秒杀,4.16,0.14,0.57
联合,4.16,0.14,0.57
矿泉水,4.16,0.14,0.57
核心技术,4.16,0.14,0.57
格外,4.16,0.14,0.57
对称,4.16,0.14,0.57
背感,4.16,0.14,0.57
关注,29.1,0.02,0.56
竞争对手,20.78,0.03,0.56
对手,12.47,0.05,0.56
懂,12.47,0.05,0.56
基本上,8.31,0.07,0.56
总得来说,4.16,0.13,0.56
占优势,4.16,0.13,0.56
早点,4.16,0.13,0.56
语音,4.16,0.13,0.56
炫耀,4.16,0.13,0.56
心态,4.16,0.13,0.56
心里,4.16,0.13,0.56
细微,4.16,0.13,0.56
握,4.16,0.13,0.56
外界,4.16,0.13,0.56
饰板,4.16,0.13,0.56
起初,4.16,0.13,0.56
飘,4.16,0.13,0.56
偏软,4.16,0.13,0.56
明智,4.16,0.13,0.56
名列前茅,4.16,0.13,0.56
门窗,4.16,0.13,0.56
劣势,4.16,0.13,0.56
可观,4.16,0.13,0.56
花钱,4.16,0.13,0.56
航空,4.16,0.13,0.56
断轴,4.16,0.13,0.56
电子产品,4.16,0.13,0.56
底气,4.16,0.13,0.56
储备,4.16,0.13,0.56
部位,4.16,0.13,0.56
买车,49.88,0.01,0.55
先,37.41,0.01,0.55
老婆,29.1,0.02,0.55
入手,20.78,0.03,0.55
变速器,12.47,0.04,0.55
世纪,8.31,0.07,0.55
上面,8.31,0.07,0.55
切换,4.16,0.13,0.55
较高,4.16,0.13,0.55
行李厢,4.16,0.13,0.55
主要,33.25,0.02,0.54
深,12.47,0.04,0.54
欧洲,12.47,0.04,0.54
难,12.47,0.04,0.54
驾车,12.47,0.04,0.54
之下,8.31,0.07,0.54
广大,8.31,0.07,0.54
动车,8.31,0.07,0.54
大约,8.31,0.07,0.54
穿,8.31,0.07,0.54
摆脱,8.31,0.07,0.54
空气,4.16,0.13,0.54
混,4.16,0.13,0.54
很快,4.16,0.13,0.54
音响,33.25,0.02,0.53
客户,16.63,0.03,0.53
豪车,12.47,0.04,0.53
车载,8.31,0.06,0.53
改灯,4.16,0.13,0.53
国产车,16.63,0.03,0.52
至今,8.31,0.06,0.52
尾翼,8.31,0.06,0.52
理想,8.31,0.06,0.52
极,8.31,0.06,0.52
积极,8.31,0.06,0.52
大件,8.31,0.06,0.52
从来,8.31,0.06,0.52
平行,4.16,0.13,0.52
脚垫,4.16,0.13,0.52
博,4.16,0.13,0.52
路,41.56,0.01,0.51
国人,12.47,0.04,0.51
定,12.47,0.04,0.51
随后,8.31,0.06,0.51
收,8.31,0.06,0.51
宽度,8.31,0.06,0.51
其实,70.66,0.01,0.5
一切,16.63,0.03,0.5
正,8.31,0.06,0.5
开发,8.31,0.06,0.5
应用,4.16,0.12,0.5
移动,4.16,0.12,0.5
胎压,4.16,0.12,0.5
奢华,4.16,0.12,0.5
区别,4.16,0.12,0.5
木,4.16,0.12,0.5
范,4.16,0.12,0.5
约,12.47,0.04,0.49
引起,8.31,0.06,0.49
排气,8.31,0.06,0.49
盖,8.31,0.06,0.49
定金,8.31,0.06,0.49
挡风玻璃,8.31,0.06,0.49
此,4.16,0.12,0.49
重新,16.63,0.03,0.48
语言,8.31,0.06,0.48
位于,8.31,0.06,0.48
排名,8.31,0.06,0.48
用来,4.16,0.12,0.48
夏天,4.16,0.12,0.48
行李架,4.16,0.12,0.48
德系,4.16,0.12,0.48
部件,4.16,0.12,0.48
呀,16.63,0.03,0.47
谈,16.63,0.03,0.47
意大利,8.31,0.06,0.47
图片,4.16,0.11,0.47
手动挡,4.16,0.11,0.47
明星,4.16,0.11,0.47
继承,4.16,0.11,0.47
曾,4.16,0.11,0.47
找,24.94,0.02,0.46
缸,12.47,0.04,0.46
总成,8.31,0.05,0.46
阻挡,4.16,0.11,0.46
主驾,4.16,0.11,0.46
中段,4.16,0.11,0.46
在家,4.16,0.11,0.46
音,4.16,0.11,0.46
心脏,4.16,0.11,0.46
心疼,4.16,0.11,0.46
套娃,4.16,0.11,0.46
抬头,4.16,0.11,0.46
舒适感,4.16,0.11,0.46
稍差,4.16,0.11,0.46
上升,4.16,0.11,0.46
杀,4.16,0.11,0.46
色调,4.16,0.11,0.46
三代,4.16,0.11,0.46
任性,4.16,0.11,0.46
忍,4.16,0.11,0.46
前前后后,4.16,0.11,0.46
哦,4.16,0.11,0.46
农村,4.16,0.11,0.46
冒,4.16,0.11,0.46
满大街,4.16,0.11,0.46
马达,4.16,0.11,0.46
流,4.16,0.11,0.46
领,4.16,0.11,0.46
脸上,4.16,0.11,0.46
拉力赛,4.16,0.11,0.46
拉力,4.16,0.11,0.46
交通事故,4.16,0.11,0.46
换上,4.16,0.11,0.46
华丽,4.16,0.11,0.46
花费,4.16,0.11,0.46
厚重,4.16,0.11,0.46
嘿嘿,4.16,0.11,0.46
合同,4.16,0.11,0.46
供应,4.16,0.11,0.46
工人,4.16,0.11,0.46
费,4.16,0.11,0.46
当日,4.16,0.11,0.46
出过,4.16,0.11,0.46
车用,4.16,0.11,0.46
车能,4.16,0.11,0.46
别说,4.16,0.11,0.46
标签,4.16,0.11,0.46
奔驰车,4.16,0.11,0.46
爆,4.16,0.11,0.46
系,20.78,0.02,0.45
事,12.47,0.04,0.45
身上,12.47,0.04,0.45
吸气,8.31,0.05,0.45
连杆,8.31,0.05,0.45
可见,8.31,0.05,0.45
接下来,4.16,0.11,0.45
范围,4.16,0.11,0.45
本次,4.16,0.11,0.45
谁,33.25,0.01,0.44
电脑,16.63,0.03,0.44
只要,8.31,0.05,0.44
想象,8.31,0.05,0.44
环比,8.31,0.05,0.44
主打,4.16,0.11,0.44
原装,4.16,0.11,0.44
向前,4.16,0.11,0.44
为主,4.16,0.11,0.44
视线,4.16,0.11,0.44
前行,4.16,0.11,0.44
利器,4.16,0.11,0.44
哭,4.16,0.11,0.44
江苏,4.16,0.11,0.44
很稳,4.16,0.11,0.44
发动机舱,4.16,0.11,0.44
参加,4.16,0.11,0.44
表明,4.16,0.11,0.44
之后,49.88,0.01,0.43
跑车,20.78,0.02,0.43
舒适版,16.63,0.03,0.43
开启,16.63,0.03,0.43
瞬间,8.31,0.05,0.43
生产线,8.31,0.05,0.43
飞,8.31,0.05,0.43
享,4.16,0.1,0.43
名字,4.16,0.1,0.43
当中,4.16,0.1,0.43
时间,49.88,0.01,0.42
其他,49.88,0.01,0.42
赞助,8.31,0.05,0.42
要说,8.31,0.05,0.42
要是,8.31,0.05,0.42
停,8.31,0.05,0.42
略,8.31,0.05,0.42
到底,8.31,0.05,0.42
必要,8.31,0.05,0.42
统一,4.16,0.1,0.42
差异,4.16,0.1,0.42
装,12.47,0.03,0.41
过去,12.47,0.03,0.41
之家,8.31,0.05,0.41
案例,8.31,0.05,0.41
推,4.16,0.1,0.41
共,4.16,0.1,0.41
感谢,4.16,0.1,0.41
自主,33.25,0.01,0.4
以下,16.63,0.02,0.4
之间,12.47,0.03,0.4
那样,12.47,0.03,0.4
加价,12.47,0.03,0.4
订,12.47,0.03,0.4
外面,8.31,0.05,0.4
韩,8.31,0.05,0.4
顾问,8.31,0.05,0.4
我国,4.16,0.1,0.4
添加,4.16,0.1,0.4
全款,4.16,0.1,0.4
年初,4.16,0.1,0.4
来到,4.16,0.1,0.4
车市,4.16,0.1,0.4
重点,12.47,0.03,0.39
哪里,12.47,0.03,0.39
曾经,8.31,0.05,0.39
中型车,4.16,0.09,0.39
之上,4.16,0.09,0.39
整备,4.16,0.09,0.39
照样,4.16,0.09,0.39
消失,4.16,0.09,0.39
西藏,4.16,0.09,0.39
外国,4.16,0.09,0.39
说好,4.16,0.09,0.39
闪烁,4.16,0.09,0.39
楼下,4.16,0.09,0.39
开惯,4.16,0.09,0.39
划分,4.16,0.09,0.39
福特车,4.16,0.09,0.39
仿,4.16,0.09,0.39
代言,4.16,0.09,0.39
窗户,4.16,0.09,0.39
保护,4.16,0.09,0.39
们,29.1,0.01,0.38
叫,29.1,0.01,0.38
或,29.1,0.01,0.38
想要,12.47,0.03,0.38
行业,8.31,0.05,0.38
转向灯,4.16,0.09,0.38
精品,4.16,0.09,0.38
介入,4.16,0.09,0.38
即便,4.16,0.09,0.38
诞生,4.16,0.09,0.38
一般,45.72,0.01,0.37
不断,20.78,0.02,0.37
较大,12.47,0.03,0.37
装备,8.31,0.05,0.37
写,8.31,0.04,0.37
带上,8.31,0.05,0.37
注意,4.16,0.09,0.37
新品,4.16,0.09,0.37
相差,4.16,0.09,0.37
现金,4.16,0.09,0.37
人民,4.16,0.09,0.37
切割,4.16,0.09,0.37
气门,4.16,0.09,0.37
颇,4.16,0.09,0.37
马力,4.16,0.09,0.37
楼,4.16,0.09,0.37
火花塞,4.16,0.09,0.37
顾客,4.16,0.09,0.37
段时间,4.16,0.09,0.37
纯粹,4.16,0.09,0.37
仪表盘,12.47,0.03,0.36
车标,12.47,0.03,0.36
投资,8.31,0.04,0.36
可惜,8.31,0.04,0.36
购置税,8.31,0.04,0.36
租,4.16,0.09,0.36
抓住,4.16,0.09,0.36
中型,4.16,0.09,0.36
质,4.16,0.09,0.36
源自,4.16,0.09,0.36
源,4.16,0.09,0.36
预警,4.16,0.09,0.36
同意,4.16,0.09,0.36
确定,4.16,0.09,0.36
前门,4.16,0.09,0.36
明明,4.16,0.09,0.36
另,4.16,0.09,0.36
两位数,4.16,0.09,0.36
观念,4.16,0.09,0.36
高档,4.16,0.09,0.36
缸体,4.16,0.09,0.36
懂得,4.16,0.09,0.36
推荐,24.94,0.01,0.35
开关,16.63,0.02,0.35
长度,12.47,0.03,0.35
引擎,8.31,0.04,0.35
总裁,4.16,0.08,0.35
这份,4.16,0.08,0.35
运行,4.16,0.08,0.35
有种,4.16,0.08,0.35
一脚,4.16,0.08,0.35
要买车,4.16,0.08,0.35
享版,4.16,0.08,0.35
喜,4.16,0.08,0.35
味,4.16,0.08,0.35
往,4.16,0.08,0.35
网通,4.16,0.08,0.35
通常,4.16,0.08,0.35
挑,4.16,0.08,0.35
讨论,4.16,0.08,0.35
态势,4.16,0.08,0.35
手头,4.16,0.08,0.35
时机,4.16,0.08,0.35
上述,4.16,0.08,0.35
如下,4.16,0.08,0.35
然,4.16,0.08,0.35
亲戚,4.16,0.08,0.35
旁,4.16,0.08,0.35
偶然,4.16,0.08,0.35
拿出,4.16,0.08,0.35
梁,4.16,0.08,0.35
老人,4.16,0.08,0.35
块钱,4.16,0.08,0.35
精,4.16,0.08,0.35
今年年初,4.16,0.08,0.35
后背,4.16,0.08,0.35
国道,4.16,0.08,0.35
个油,4.16,0.08,0.35
放假,4.16,0.08,0.35
丹拿,4.16,0.08,0.35
打破,4.16,0.08,0.35
此处,4.16,0.08,0.35
常,4.16,0.08,0.35
不妨,4.16,0.08,0.35
表达,4.16,0.08,0.35
帮忙,4.16,0.08,0.35
半月,4.16,0.08,0.35
百,4.16,0.08,0.35
呢,54.03,0.01,0.34
主,12.47,0.03,0.34
所谓,12.47,0.03,0.34
领域,12.47,0.03,0.34
韩国,12.47,0.03,0.34
查,12.47,0.03,0.34
比起,12.47,0.03,0.34
租车,8.31,0.04,0.34
长途,8.31,0.04,0.34
显示屏,8.31,0.04,0.34
为何,8.31,0.04,0.34
摄像头,8.31,0.04,0.34
粉丝,8.31,0.04,0.34
东南,8.31,0.04,0.34
不敢,8.31,0.04,0.34
子公司,4.16,0.08,0.34
赚,4.16,0.08,0.34
专车,4.16,0.08,0.34
小编,4.16,0.08,0.34
忘,4.16,0.08,0.34
晚上,4.16,0.08,0.34
完整,4.16,0.08,0.34
提出,4.16,0.08,0.34
汽油机,4.16,0.08,0.34
留,4.16,0.08,0.34
兰州,4.16,0.08,0.34
控制系统,4.16,0.08,0.34
喊,4.16,0.08,0.34
观察,4.16,0.08,0.34
工程,4.16,0.08,0.34
份额,4.16,0.08,0.34
而来,4.16,0.08,0.34
不了,16.63,0.02,0.33
白色,16.63,0.02,0.33
正好,4.16,0.08,0.33
心目,4.16,0.08,0.33
特别版,4.16,0.08,0.33
记者,4.16,0.08,0.33
此前,4.16,0.08,0.33
只,49.88,0.01,0.32
少,20.78,0.02,0.32
相,8.31,0.04,0.32
启停,8.31,0.04,0.32
皮卡,8.31,0.04,0.32
行人,8.31,0.04,0.32
电机,8.31,0.04,0.32
合适,4.16,0.08,0.32
奥运会,4.16,0.08,0.32
经典,37.41,0.01,0.31
紧凑型,20.78,0.02,0.31
宣传,8.31,0.04,0.31
讲,8.31,0.04,0.31
最多,4.16,0.08,0.31
嘴,4.16,0.08,0.31
走过,4.16,0.08,0.31
专家,4.16,0.08,0.31
长期,4.16,0.08,0.31
天天,4.16,0.08,0.31
仍,4.16,0.07,0.31
没法,4.16,0.08,0.31
居家,4.16,0.08,0.31
节奏,4.16,0.08,0.31
工业,4.16,0.07,0.31
敢,4.16,0.08,0.31
大排量,4.16,0.08,0.31
窗玻璃,4.16,0.08,0.31
出租车,4.16,0.07,0.31
彩色,4.16,0.08,0.31
不止,4.16,0.08,0.31
改款,33.25,0.01,0.3
显示,29.1,0.01,0.3
此次,20.78,0.01,0.3
分,16.63,0.02,0.3
逐渐,12.47,0.02,0.3
湿式,8.31,0.04,0.3
远程,4.16,0.07,0.3
文章,4.16,0.07,0.3
属,4.16,0.07,0.3
清洗,4.16,0.07,0.3
行程,4.16,0.07,0.3
堵车,4.16,0.07,0.3
车轮,4.16,0.07,0.3
车道,4.16,0.07,0.3
参数,4.16,0.07,0.3
保险,4.16,0.07,0.3
同事,20.78,0.01,0.29
中规中矩,4.16,0.07,0.29
王,4.16,0.07,0.29
定速巡航,4.16,0.07,0.29
知道,49.88,0.01,0.28
黑,20.78,0.01,0.28
旅行车,12.47,0.02,0.28
款,12.47,0.02,0.28
发,4.16,0.07,0.28
有人,24.94,0.01,0.27
一键,20.78,0.01,0.27
货车,12.47,0.02,0.27
稍微,8.31,0.03,0.27
区间,8.31,0.03,0.27
避震,8.31,0.03,0.27
间,4.16,0.07,0.27
灯,29.1,0.01,0.26
手,16.63,0.02,0.26
下面,12.47,0.02,0.26
稍,12.47,0.02,0.26
旅行,12.47,0.02,0.26
本月,8.31,0.03,0.26
爸,8.31,0.03,0.26
之,4.16,0.06,0.26
兄弟,4.16,0.06,0.26
套件,4.16,0.06,0.26
身份,4.16,0.06,0.26
零部件,4.16,0.06,0.26
然后,33.25,0.01,0.25
今天,29.1,0.01,0.25
国际,12.47,0.02,0.25
坐姿,4.16,0.06,0.25
终端,4.16,0.06,0.25
要么,4.16,0.06,0.25
项,4.16,0.06,0.25
力度,4.16,0.06,0.25
个性化,4.16,0.06,0.25
面板,8.31,0.03,0.24
本身,8.31,0.03,0.24
所在,4.16,0.06,0.24
节油,4.16,0.06,0.24
电,4.16,0.06,0.24
包,4.16,0.06,0.24
网上,20.78,0.01,0.23
小车,16.63,0.01,0.23
网,12.47,0.02,0.23
久,12.47,0.02,0.23
竞争,12.47,0.02,0.23
最低,8.31,0.03,0.23
当年,8.31,0.03,0.23
是不是,16.63,0.01,0.22
豪华版,12.47,0.02,0.22
星,8.31,0.03,0.22
入门,8.31,0.03,0.22
两厢车,8.31,0.03,0.22
解释,8.31,0.03,0.22
非,8.31,0.03,0.22
常规,8.31,0.03,0.22
只不过,4.16,0.05,0.22
西安,4.16,0.05,0.22
维持,4.16,0.05,0.22
团队,4.16,0.05,0.22
释放,4.16,0.05,0.22
起步价,4.16,0.05,0.22
弥补,4.16,0.05,0.22
每年,4.16,0.05,0.22
貌似,4.16,0.05,0.22
接触,4.16,0.05,0.22
或者说,4.16,0.05,0.22
跟着,4.16,0.05,0.22
单独,4.16,0.05,0.22
代,4.16,0.05,0.22
打电话,4.16,0.05,0.22
不见,4.16,0.05,0.22
改,20.78,0.01,0.21
自,12.47,0.02,0.21
前方,8.31,0.03,0.21
那里,8.31,0.03,0.21
看见,8.31,0.03,0.21
组织,4.16,0.05,0.21
之外,4.16,0.05,0.21
着实,4.16,0.05,0.21
迎宾,4.16,0.05,0.21
维修保养,4.16,0.05,0.21
外壳,4.16,0.05,0.21
头,4.16,0.05,0.21
统计,4.16,0.05,0.21
同学,4.16,0.05,0.21
同为,4.16,0.05,0.21
上网,4.16,0.05,0.21
陕西,4.16,0.05,0.21
美丽,4.16,0.05,0.21
迈,4.16,0.05,0.21
买辆,4.16,0.05,0.21
壳,4.16,0.05,0.21
黄色,4.16,0.05,0.21
红,4.16,0.05,0.21
毫无疑问,4.16,0.05,0.21
光环,4.16,0.05,0.21
关注度,4.16,0.05,0.21
堵,4.16,0.05,0.21
丢,4.16,0.05,0.21
本地,4.16,0.05,0.21
周末,4.16,0.05,0.2
应,4.16,0.05,0.2
音响系统,4.16,0.05,0.2
一向,4.16,0.05,0.2
速手,4.16,0.05,0.2
深圳,4.16,0.05,0.2
设计师,4.16,0.05,0.2
认证,4.16,0.05,0.2
牛,4.16,0.05,0.2
巨大,4.16,0.05,0.2
份,4.16,0.05,0.2
大小,4.16,0.05,0.2
由于,37.41,0.01,0.19
这次,20.78,0.01,0.19
换代,20.78,0.01,0.19
代表,20.78,0.01,0.19
或许,12.47,0.02,0.19
想到,8.31,0.02,0.19
线,4.16,0.05,0.19
离合器,4.16,0.05,0.19
初,4.16,0.05,0.19
提,29.1,0.01,0.18
中间,12.47,0.01,0.18
赛车,12.47,0.01,0.18
具体,12.47,0.01,0.18
照片,8.31,0.02,0.18
销,4.16,0.04,0.18
消费,4.16,0.04,0.18
屏,4.16,0.04,0.18
流行,4.16,0.04,0.18
浪漫,4.16,0.04,0.18
竞品,4.16,0.04,0.18
经,4.16,0.04,0.18
变成,4.16,0.04,0.18
背后,4.16,0.04,0.18
一致,8.31,0.02,0.17
液晶,8.31,0.02,0.17
新手,8.31,0.02,0.17
投入,8.31,0.02,0.17
手刹,8.31,0.02,0.17
面对,8.31,0.02,0.17
领导,8.31,0.02,0.17
才能,8.31,0.02,0.17
白,8.31,0.02,0.17
四驱,4.16,0.04,0.17
群体,4.16,0.04,0.17
两者,4.16,0.04,0.17
记忆,4.16,0.04,0.17
标,4.16,0.04,0.17
起,29.1,0.01,0.16
该,29.1,0.01,0.16
于是,20.78,0.01,0.16
啥,16.63,0.01,0.16
小时,12.47,0.01,0.16
纠结,12.47,0.01,0.16
高于,8.31,0.02,0.16
运动版,16.63,0.01,0.15
显然,12.47,0.01,0.15
告诉,12.47,0.01,0.15
直到,8.31,0.02,0.15
没想到,8.31,0.02,0.15
而是,8.31,0.02,0.15
不再,8.31,0.02,0.15
小伙伴,4.16,0.04,0.15
牌照,4.16,0.04,0.15
进口车,4.16,0.04,0.15
金,4.16,0.04,0.15
回馈,4.16,0.04,0.15
安装,20.78,0.01,0.14
车上,16.63,0.01,0.14
蓝,8.31,0.02,0.14
正面,4.16,0.03,0.14
现有,4.16,0.03,0.14
太平洋,4.16,0.03,0.14
偏离,4.16,0.03,0.14
记录,4.16,0.03,0.14
转速,16.63,0.01,0.13
结果,16.63,0.01,0.13
企业,12.47,0.01,0.13
味道,8.31,0.02,0.13
全车,8.31,0.02,0.13
降价,8.31,0.02,0.13
好好,8.31,0.02,0.13
昨天,4.16,0.03,0.13
驻车,4.16,0.03,0.13
终究,4.16,0.03,0.13
制作,4.16,0.03,0.13
之类,4.16,0.03,0.13
在意,4.16,0.03,0.13
拥挤,4.16,0.03,0.13
也就是说,4.16,0.03,0.13
心理,4.16,0.03,0.13
相近,4.16,0.03,0.13
喜好,4.16,0.03,0.13
舞台,4.16,0.03,0.13
玩具,4.16,0.03,0.13
同等,4.16,0.03,0.13
市场竞争,4.16,0.03,0.13
市,4.16,0.03,0.13
时光,4.16,0.03,0.13
商务车,4.16,0.03,0.13
热情,4.16,0.03,0.13
前驱,4.16,0.03,0.13
品牌形象,4.16,0.03,0.13
女,4.16,0.03,0.13
莫,4.16,0.03,0.13
名,4.16,0.03,0.13
秒,4.16,0.03,0.13
另一方面,4.16,0.03,0.13
来回,4.16,0.03,0.13
夸张,4.16,0.03,0.13
酷,4.16,0.03,0.13
开门,4.16,0.03,0.13
回来,4.16,0.03,0.13
厚,4.16,0.03,0.13
供应商,4.16,0.03,0.13
高配,4.16,0.03,0.13
高点,4.16,0.03,0.13
放大,4.16,0.03,0.13
发动机盖,4.16,0.03,0.13
订车,4.16,0.03,0.13
典型,4.16,0.03,0.13
单一,4.16,0.03,0.13
称为,4.16,0.03,0.13
不及,4.16,0.03,0.13
摆,4.16,0.03,0.13
自动挡,16.63,0.01,0.12
那些,16.63,0.01,0.12
总是,4.16,0.03,0.12
自驾游,4.16,0.03,0.12
专门,4.16,0.03,0.12
重,4.16,0.03,0.12
征战,4.16,0.03,0.12
暂时,4.16,0.03,0.12
相当于,4.16,0.03,0.12
土豪,4.16,0.03,0.12
停放,4.16,0.03,0.12
三缸,4.16,0.03,0.12
轻轻,4.16,0.03,0.12
两辆车,4.16,0.03,0.12
开出,4.16,0.03,0.12
还行,4.16,0.03,0.12
固定,4.16,0.03,0.12
方法,4.16,0.03,0.12
二代,4.16,0.03,0.12
低于,4.16,0.03,0.12
除此之外,4.16,0.03,0.12
卖,20.78,0.01,0.11
营销,12.47,0.01,0.11
看车,12.47,0.01,0.11
扭力,4.16,0.03,0.11
不仅仅,4.16,0.03,0.11
咨询,8.31,0.01,0.1
豪华车,8.31,0.01,0.1
男,4.16,0.02,0.1
发表,4.16,0.02,0.1
德国,16.63,0.01,0.09
即,12.47,0.01,0.09
编,12.47,0.01,0.09
两厢,8.31,0.01,0.09
车系,8.31,0.01,0.09
运动型,4.16,0.02,0.09
与其,4.16,0.02,0.09
应急,4.16,0.02,0.09
音量,4.16,0.02,0.09
一边,4.16,0.02,0.09
业绩,4.16,0.02,0.09
下一代,4.16,0.02,0.09
收到,4.16,0.02,0.09
上牌,4.16,0.02,0.09
三厢车,4.16,0.02,0.09
前不久,4.16,0.02,0.09
拿到,4.16,0.02,0.09
萌,4.16,0.02,0.09
没事,4.16,0.02,0.09
买菜,4.16,0.02,0.09
经济型,4.16,0.02,0.09
交流,4.16,0.02,0.09
机,4.16,0.02,0.09
回到,4.16,0.02,0.09
低配,4.16,0.02,0.09
灯厂,4.16,0.02,0.09
得知,4.16,0.02,0.09
车重,4.16,0.02,0.09
车价,4.16,0.02,0.09
不久前,4.16,0.02,0.09
本文,4.16,0.02,0.09
预算,12.47,0.01,0.08
话,12.47,0.01,0.08
孩子,12.47,0.01,0.08
字,8.31,0.01,0.08
面包车,8.31,0.01,0.08
刚好,8.31,0.01,0.08
概念,8.31,0.01,0.08
成本,8.31,0.01,0.08
超级,8.31,0.01,0.08
制造商,4.16,0.02,0.08
掌握,4.16,0.02,0.08
一侧,4.16,0.02,0.08
想法,4.16,0.02,0.08
上个月,4.16,0.02,0.08
零件,4.16,0.02,0.08
君,4.16,0.02,0.08
渐渐,4.16,0.02,0.08
灰,4.16,0.02,0.08
高功率,4.16,0.02,0.08
如今,12.47,0.01,0.07
早,8.31,0.01,0.07
最初,4.16,0.02,0.07
专用,4.16,0.02,0.07
主力,4.16,0.02,0.07
贴,4.16,0.02,0.07
日子,4.16,0.02,0.07
苹果,4.16,0.02,0.07
两厢版,4.16,0.02,0.07
连接,4.16,0.02,0.07
交付,4.16,0.02,0.07
行灯,4.16,0.02,0.07
公路,4.16,0.02,0.07
阳光,8.31,0.01,0.06
每天,8.31,0.01,0.06
风尚,8.31,0.01,0.06
总部,4.16,0.02,0.06
资源,4.16,0.02,0.06
资金,4.16,0.01,0.06
撞击,4.16,0.02,0.06
御,4.16,0.01,0.06
英雄,4.16,0.01,0.06
兴趣,4.16,0.01,0.06
信号,4.16,0.01,0.06
掀起,4.16,0.02,0.06
下去,4.16,0.01,0.06
顺便,4.16,0.01,0.06
伤害,4.16,0.02,0.06
抛开,4.16,0.01,0.06
胖子,4.16,0.02,0.06
轮子,4.16,0.02,0.06
流程,4.16,0.02,0.06
例,4.16,0.01,0.06
浪费,4.16,0.02,0.06
开开,4.16,0.01,0.06
横置,4.16,0.02,0.06
行动,4.16,0.02,0.06
过,4.16,0.01,0.06
功放,4.16,0.01,0.06
干,4.16,0.01,0.06
感应,4.16,0.02,0.06
多媒体系统,4.16,0.02,0.06
电影,4.16,0.01,0.06
单位,4.16,0.02,0.06
措施,4.16,0.02,0.06
刹,4.16,0.01,0.06
采访,4.16,0.01,0.06
榜单,4.16,0.02,0.06
伴随,4.16,0.02,0.06
新闻,8.31,0.01,0.05
网友,8.31,0.01,0.05
台车,8.31,0.01,0.05
近期,8.31,0.01,0.05
按钮,8.31,0.01,0.05
愿意,4.16,0.01,0.05
模仿,4.16,0.01,0.05
路段,4.16,0.01,0.05
集中,4.16,0.01,0.05
部,4.16,0.01,0.05
并未,4.16,0.01,0.05
指导,4.16,0.01,0.04
阵容,4.16,0.01,0.04
咱们,4.16,0.01,0.04
遗憾,4.16,0.01,0.04
小排量,4.16,0.01,0.04
弱,4.16,0.01,0.04
旗舰版,4.16,0.01,0.04
专注,4.16,0.01,0.03
犹豫,4.16,0.01,0.03
先是,4.16,0.01,0.03
剩下,4.16,0.01,0.03
上次,4.16,0.01,0.03
略有,4.16,0.01,0.03
落后,4.16,0.01,0.03
经验,4.16,0.01,0.03
回老家,4.16,0.01,0.03
儿,4.16,0.01,0.03
车体,4.16,0.01,0.03
安全带,4.16,0.01,0.03
